2.054082185449408371e+03
1.792595839738096402e+03
2.206890827436831387e+03
2.559898419562211529e+03
2.435005435770252006e+03
2.033931733004385251e+03
1.832581874567610839e+03
2.038572635457036768e+03
2.405244553468319737e+03
2.513972642174159773e+03
2.187175200238633352e+03
1.626219561149245919e+03
1.189482504250088823e+03
1.068898047504149190e+03
1.167321293122550287e+03
1.246545195679688049e+03
1.160709514567083488e+03
9.566520098207726051e+02
7.865050023337468019e+02
7.462327569920632868e+02
7.989652945955967880e+02
8.326597662705685252e+02
7.713993645889883055e+02
6.330936783740227156e+02
4.961424691968999241e+02
4.230434109284967690e+02
4.136824444613000651e+02
4.219278180524294157e+02
4.049872243198822162e+02
3.566780445515269662e+02
3.028337221421621734e+02
2.702254079969251279e+02
2.625492834608138537e+02
2.628126196954158900e+02
2.522456557698061488e+02
2.261035232646736688e+02
1.939475995907847050e+02
1.693130853003633547e+02
1.573409046347001095e+02
1.532408551077689935e+02
1.490560744284776433e+02
1.405144937769619560e+02
1.291369622680048792e+02
1.193792405204036697e+02
1.139218849298628555e+02
1.117033632566699737e+02
1.093693349472153784e+02
1.053823874702379584e+02
9.998253038536967097e+01
9.486457459091340638e+01
9.152626899231570690e+01
8.991199816659080568e+01
8.944103653767881212e+01
8.878781686582526333e+01
8.762338941561866079e+01
8.663085802531824697e+01
8.629335875237917719e+01
8.651883285034313076e+01
8.684459164149353683e+01
8.716916898232969402e+01
8.759098441501481602e+01
8.794220055782750478e+01
8.867650065523379510e+01
8.952006278069177370e+01
9.068194420211234785e+01
9.201468713419873779e+01
9.348510701356319430e+01
9.498089902136015894e+01
9.646274912044779626e+01
9.813725149274770843e+01
1.000021016789320498e+02
1.018401385340818166e+02
1.036013495128167108e+02
4.751922697617476388e+01
-3.913830524570971647e+01
-7.021036867407443083e+01
-3.027636632613931411e+01
2.028490259554256525e+01
1.282685753285705843e+01
-5.586494880457475887e+01
-1.210550910698855489e+02
-1.177220677099344925e+02
-4.557200133385327945e+01
3.279126489588334437e+01
5.357880437735815349e+01
9.167382358993272362e+00
-5.207499695288183261e+01
-7.611430918021554248e+01
-5.123715006835899999e+01
-1.074609845522635965e+01
4.704191208041676120e+00
-1.531805875013037976e+01
-4.691876200526526475e+01
-5.901758689337621178e+01
-4.205050843077057721e+01
-1.276439056180169551e+01
4.626063608372224856e+00
1.494049826198858566e-01
-1.655091959685369218e+01
-2.835408156264161050e+01
-2.638911829876388282e+01
-1.536059188979630541e+01
-6.365107506790794289e+00
-6.069999807323524621e+00
-1.214608497077274940e+01
-1.731714997108561960e+01
-1.659443316489462106e+01
-1.092329757144458213e+01
-5.080802333402363757e+00
-2.924912970323460648e+00
-4.542864881667715515e+00
-7.135213309635568102e+00
-7.980794258322280399e+00
-6.558660915576996153e+00
-4.341450487702504191e+00
-3.051965685330269018e+00
-3.197319032824307072e+00
-3.983291473735375732e+00
-4.303912287409771942e+00
-3.717245706182612075e+00
-2.629726022936032415e+00
-1.755093688510470873e+00
-1.476703301718162331e+00
-1.642979297039303788e+00
-1.835449683062108761e+00
-1.765839149936196728e+00
-1.454653469984350966e+00
-1.117126642999740405e+00
-9.327293908441142145e-01
-9.124470196792364707e-01
-9.390399766346056998e-01
-8.964587047311327606e-01
-7.607770616432684152e-01
-5.928945314286927504e-01
-4.675993453693864654e-01
-4.128169802770745300e-01
-4.024732538213407484e-01
-3.922290326980398811e-01
-3.575835015355445790e-01
-3.048208612508425674e-01
-2.552185042003150550e-01
-2.231355758900592234e-01
-2.066981752305688813e-01
-1.941238648960425806e-01
-1.757710996025298733e-01
-1.508885345369249953e-01
2.043997052737824305e+01
1.955106383297527373e+01
1.211823410844207771e+01
7.414517892029075519e+00
1.333547030245942366e+01
2.698427219143433931e+01
3.658698846844576735e+01
3.349135674363679982e+01
2.149747718133662744e+01
1.331532068393788037e+01
1.780891940337684787e+01
3.121123753833158077e+01
4.109390526746849304e+01
3.859135641210865231e+01
2.647888704978268493e+01
1.569659356834766761e+01
1.464580338568999984e+01
2.199144234455854630e+01
2.914828152926682137e+01
2.894001381134056317e+01
2.175409969445076186e+01
1.404295546469443501e+01
1.171290593476015474e+01
1.506564234241295175e+01
1.947562389432631846e+01
2.020132905662830325e+01
1.642786342331526939e+01
1.121494683663584446e+01
8.206611672815403935e+00
8.516900018752640023e+00
1.035785183680384236e+01
1.115370832501873011e+01
9.834731651412610631e+00
7.364227705993068973e+00
5.473156304001677519e+00
5.060481209113302903e+00
5.651857625720095868e+00
6.106605383596768633e+00
5.692693791414130899e+00
4.571009854116308446e+00
3.444130795882161866e+00
2.863551857251244392e+00
2.836114274672148383e+00
2.963767704779726397e+00
2.864889067845797221e+00
2.467234765818680398e+00
1.976575328200383286e+00
1.634876598928485691e+00
1.517214978488742316e+00
1.516982459940174666e+00
1.477915997068031784e+00
1.328239871381305948e+00
1.111397680073879846e+00
9.188970429311523747e-01
8.058360738668806089e-01
7.592757018738902630e-01
7.281606009933161427e-01
6.732273629964815598e-01
5.925710742066651049e-01
5.106845018423339377e-01
4.506986946051013687e-01
4.163288754705930517e-01
3.943642914397753052e-01
3.694478658050370234e-01
3.360410372072051843e-01
2.992867685666018573e-01
2.676144275787297189e-01
2.452252295626970446e-01
2.301688761922922322e-01
2.176386222370162438e-01
2.043009271334613741e-01
1.901046792608832581e-01
1.770220313846268823e-01
2.052976914008786935e+03
1.791258594389950076e+03
2.205255116538799030e+03
2.557987490715762306e+03
2.432814579651641452e+03
2.031440185693185867e+03
1.829800770191121273e+03
2.035458785812286351e+03
2.401790494071326520e+03
2.510213415839356458e+03
2.183068612471949564e+03
1.621754661834343779e+03
1.184642891978262469e+03
1.063672128996922538e+03
1.161700067248796813e+03
1.240526134673370052e+03
1.154270829632582036e+03
9.497881032275646476e+02
7.791941088446750427e+02
7.384645023280463647e+02
7.907255246154641100e+02
8.239405389442168826e+02
7.621860284612226906e+02
6.233744896934899771e+02
4.858965039700461830e+02
4.122599130159225069e+02
4.023469561416544593e+02
4.100282052911853157e+02
3.925067778441871837e+02
3.436052257495974231e+02
2.891516590666264506e+02
2.559193468291214231e+02
2.476060467399961738e+02
2.472177496495637854e+02
2.359843188227317512e+02
2.091616744181275180e+02
1.763096578981717926e+02
1.509643952501687920e+02
1.382667451930284983e+02
1.334256402224072247e+02
1.284851168927955598e+02
1.191726222772814481e+02
1.070090161091943344e+02
9.644960253115371529e+01
9.017590454411239875e+01
8.712542198994773912e+01
8.394413078617861856e+01
7.909475939585961157e+01
7.281706007763705202e+01
6.680564739472931990e+01
6.255854709185017981e+01
6.002007206215597535e+01
5.860977224220598458e+01
5.700169104368410444e+01
5.486691219859282853e+01
5.288865046379635970e+01
5.155002303491475857e+01
5.075896348991437890e+01
5.005224351309112762e+01
4.932879068449604176e+01
4.868680049658315312e+01
4.795847367061139721e+01
4.759750442423680283e+01
4.733013366814138578e+01
4.736518663233051996e+01
4.755561930991996888e+01
4.786750368224289787e+01
4.818930213755122338e+01
4.848162640840649118e+01
4.895052922713153265e+01
4.959377843799423857e+01
5.019445547911289651e+01
5.070251658796998129e+01
4.753618083987596066e+01
-3.912248125243527852e+01
-7.019722612236613202e+01
-3.026437151861170705e+01
2.029696067972557216e+01
1.284051803104404144e+01
-5.585145613648411000e+01
-1.210434304560016301e+02
-1.177116279684247218e+02
-4.556368685009722697e+01
3.280070486808969576e+01
5.358956064346829606e+01
9.178766507260689878e+00
-5.206419747459126768e+01
-7.610471603807977203e+01
-5.122863073194496053e+01
-1.073735400041659105e+01
4.713454129646020618e+00
-1.530848443471930764e+01
-4.690956868442528815e+01
-5.900886356917001052e+01
-4.204242698736425154e+01
-1.275641466126034373e+01
4.634322366807327676e+00
1.578628441248997039e-01
-1.654249943653204724e+01
-2.834593051831616251e+01
-2.638136060912654912e+01
-1.535292108424379798e+01
-6.357454675031162239e+00
-6.062273586916961499e+00
-1.213837758835813041e+01
-1.730960671154825192e+01
-1.658708039970687054e+01
-1.091604865602347019e+01
-5.073598116932395818e+00
-2.917701806090336802e+00
-4.535678694334763783e+00
-7.128118746647362336e+00
-7.973784558785280474e+00
-6.551744285544099711e+00
-4.334595150874409164e+00
-3.045149213487509332e+00
-3.190531855903912639e+00
-3.976569844753877092e+00
-4.297251665197289405e+00
-3.710646875482717988e+00
-2.623185954592920144e+00
-1.748596965710258022e+00
-1.470242382254399738e+00
-1.636563715388211770e+00
-1.829079499905920336e+00
-1.759522299054128824e+00
-1.448384171119670771e+00
-1.110896969760589714e+00
-9.265380680834812699e-01
-9.062956972262542488e-01
-9.329288638353596674e-01
-8.903885848583542595e-01
-7.547477214126059319e-01
-5.869020895694411211e-01
-4.616431246792986332e-01
-4.068954858248205464e-01
-3.965862841238709802e-01
-3.863770237942931729e-01
-3.517671483187299608e-01
-2.990372563818105012e-01
-2.494678567384884527e-01
-2.174163356918570322e-01
-2.010091976258960578e-01
-1.884667956461684168e-01
-1.701453863454409909e-01
-1.452926450986816720e-01
2.044576737684115741e+01
1.955714777372613966e+01
1.212357900973202440e+01
7.419312516440364824e+00
1.333968951558627758e+01
2.698786462987397883e+01
3.659105047960260038e+01
3.349515301562541225e+01
2.150081733836871223e+01
1.331828559035464465e+01
1.781123295321378919e+01
3.121318906673025850e+01
4.109572678249664790e+01
3.859309279232450507e+01
2.648034282393077632e+01
1.569760254621838413e+01
1.464616112587686203e+01
2.199140640812113290e+01
2.914795286576287481e+01
2.893947492038923386e+01
2.175316682682428038e+01
1.404160120835209824e+01
1.171100216967860419e+01
1.506330975652800319e+01
1.947283421737461140e+01
2.019818664157854116e+01
1.642431792364527254e+01
1.121095085314144058e+01
8.202045505054561758e+00
8.511831698831691995e+00
1.035228260310245041e+01
1.114763785329145485e+01
9.828191231306982800e+00
7.357159655875559423e+00
5.465516669946990369e+00
5.052272133987206537e+00
5.643069268523286830e+00
6.097251952464327829e+00
5.682778544065441473e+00
4.560485534516846684e+00
3.432993029437440669e+00
2.851781903013300923e+00
2.823706682272765889e+00
2.950707341192619904e+00
2.851184701986087422e+00
2.452858545308851834e+00
1.961514680058275006e+00
1.619120605852103267e+00
1.500751681189959053e+00
1.499798320351938274e+00
1.460005980070270493e+00
1.309587517193019135e+00
1.091994246823201786e+00
8.987271493856281435e-01
7.848857875690103958e-01
7.375343287098123923e-01
7.056186175001319949e-01
6.498721234477599085e-01
5.683900014104200649e-01
4.856655596446329826e-01
4.248285108610500016e-01
3.895963754753508090e-01
3.667573844950852702e-01
3.409543711003160671e-01
3.066488071041342800e-01
2.689842649889993553e-01
2.363877969145857516e-01
2.130635555942533010e-01
1.970599029407368308e-01
1.835699292832116414e-01
1.692601051247141775e-01
1.540799004821565565e-01
1.400006936302362892e-01
2.051947863582463469e+03
1.790040979275123846e+03
2.203820119690354204e+03
2.556266176770225229e+03
2.430858656200146015e+03
2.029275175583425835e+03
1.827471646585012650e+03
2.032938755937864698e+03
2.399078830695463694e+03
2.507356620533010755e+03
2.180047236755282484e+03
1.618588000934789079e+03
1.181338392379197785e+03
1.060236982598289615e+03
1.158147834077126163e+03
1.236853774488360159e+03
1.150487886027432523e+03
9.459012677363934927e+02
7.752073975970553192e+02
7.343828903775292929e+02
7.865551879411718801e+02
8.196835700817281349e+02
7.578525412184890229e+02
6.189625296453026522e+02
4.814123028900617101e+02
4.077056222857574426e+02
3.977255756919591931e+02
4.053418790771536351e+02
3.877593132471261583e+02
3.387971862204797162e+02
2.842866446601798884e+02
2.509994547377919787e+02
2.426329467751342861e+02
2.421940757123429648e+02
2.309130332983012011e+02
2.040434994302023881e+02
1.711471458721767931e+02
1.457583171551847840e+02
1.330180694856921946e+02
1.281362059550754680e+02
1.231554554850924603e+02
1.138035568604692003e+02
1.016012618142549684e+02
9.100425841988553088e+01
8.469322361124574172e+01
8.160644857550695974e+01
7.838950221565470144e+01
7.350472104648478933e+01
6.719194217609657471e+01
6.114600286008039376e+01
5.686440992634670977e+01
5.429219392568278124e+01
5.284850585407740198e+01
5.120741101023087083e+01
4.904024616487649979e+01
4.702994029725629588e+01
4.565921390683181613e+01
4.483640767414901518e+01
4.409766979460221137e+01
4.334190623373334006e+01
4.266766293727000914e+01
4.190648264982416293e+01
4.151244354636944678e+01
4.121186060123960004e+01
4.121323910359443232e+01
4.136964724753357103e+01
4.164738849389736686e+01
4.193443787976325865e+01
4.219191340338231555e+01
4.262535266948037815e+01
4.323260367046970742e+01
4.379669273054619794e+01
4.426790707119359780e+01
4.758207785494999342e+01
-3.907538830970867139e+01
-7.015270521847588725e+01
-3.021920200060106154e+01
2.033901401205546478e+01
1.288078185463495018e+01
-5.581239927989205540e+01
-1.210059374510200030e+02
-1.176744153422618240e+02
-4.552838062628998728e+01
3.283563733724400890e+01
5.362364563271593454e+01
9.212217846179610703e+00
-5.203116879001787254e+01
-7.607294984221971390e+01
-5.119729910539685136e+01
-1.070660746786744255e+01
4.743771517253127179e+00
-1.527852582773421375e+01
-4.688015618852103472e+01
-5.898007833181581816e+01
-4.201404942492903416e+01
-1.272856841430479236e+01
4.661924448077871652e+00
1.852230961983554469e-01
-1.651546251593989112e+01
-2.831935005268214667e+01
-2.635517468911502803e+01
-1.532710315805596224e+01
-6.331856389170408050e+00
-6.036904727221922506e+00
-1.211328256963971839e+01
-1.728479562902429478e+01
-1.656256840018786392e+01
-1.089184295071784803e+01
-5.049595840936880187e+00
-2.893901742343059524e+00
-4.512081879541465668e+00
-7.104730198304951116e+00
-7.950650518672607525e+00
-6.528828779322011222e+00
-4.311873764516924723e+00
-3.022605473737816073e+00
-3.168174115400282265e+00
-3.954386593474571665e+00
-4.275255973291623768e+00
-3.688838666564098201e+00
-2.601543666525859333e+00
-1.727113634254097363e+00
-1.448917242032931485e+00
-1.615388150307643489e+00
-1.808061175716295432e+00
-1.738656924401621673e+00
-1.427662854132528469e+00
-1.090319514591168826e+00
-9.060985650913114808e-01
-8.859875135708293881e-01
-9.127560854256093759e-01
-8.703467784738307955e-01
-7.348320186349716066e-01
-5.671134100467157824e-01
-4.419738688645701852e-01
-3.873446251016107733e-01
-3.771530967604848628e-01
-3.670584966919663850e-01
-3.325608153985019633e-01
-2.799420655458424445e-01
-2.304797104160706545e-01
-1.985346204910518608e-01
-1.822309826138867328e-01
-1.697910702326829446e-01
-1.515699778450841639e-01
-1.268163176844195328e-01
2.046600527888423215e+01
1.957671048922334123e+01
1.214240023401876023e+01
7.437212459289337829e+00
1.335704741640930848e+01
2.700418754236925167e+01
3.660730882082549442e+01
3.351081446456655044e+01
2.151585925543711753e+01
1.333307747203833671e+01
1.782558071241460240e+01
3.122717805590263040e+01
4.110931177439739059e+01
3.860640252533922734e+01
2.649353602182981149e+01
1.571036804952705523e+01
1.465862470984509969e+01
2.200359727681606969e+01
2.915992943480347677e+01
2.895127424960347184e+01
2.176475856115895624e+01
1.405291857112466580e+01
1.172213330707236700e+01
1.507417663484484471e+01
1.948352363046130264e+01
2.020873454492012655e+01
1.643471171135698938e+01
1.122114394202491994e+01
8.212055015264237312e+00
8.521626272696380511e+00
1.036191644722135763e+01
1.115713738050245141e+01
9.837522018866113882e+00
7.366333633344498644e+00
5.474537321365651188e+00
5.061110499687999642e+00
5.651762863323177122e+00
6.105799615125749646e+00
5.691170784543950312e+00
4.568749822468554989e+00
3.441103085330581735e+00
2.859738510105664933e+00
2.831511977842394057e+00
2.958378375510410496e+00
2.858708851067687018e+00
2.460244964142888957e+00
1.968762736119351375e+00
1.626224014395953432e+00
1.507711887532347861e+00
1.506622251380761224e+00
1.466687838585178261e+00
1.316134398239495074e+00
1.098403055596798072e+00
9.049950296289522855e-01
7.910160187955010969e-01
7.435270505925770657e-01
7.114708325914755882e-01
6.555883075942711136e-01
5.739680121108210464e-01
4.911037811819899401e-01
4.301296325730287196e-01
3.947573502041807347e-01
3.717790254057291577e-01
3.458377108972015002e-01
3.113924021055090030e-01
2.735873942099576461e-01
2.408511207066732496e-01
2.173852946015717158e-01
2.012409729091410304e-01
1.876092294796922466e-01
1.731571306422912682e-01
1.578339988052866738e-01
1.436119341679029104e-01
2.053249014246433489e+03
1.791466496021777857e+03
2.205344650793730580e+03
2.557993196216355500e+03
2.432742652235319838e+03
2.031280273094804443e+03
1.829574054976905700e+03
2.035132302274075528e+03
2.401367288314531379e+03
2.509738822630598861e+03
2.182510359636472913e+03
1.621112092777372482e+03
1.183909947536842537e+03
1.062847742899448804e+03
1.160785944707561612e+03
1.239530399132911953e+03
1.153182316473370292e+03
9.486121145706000561e+02
7.779196524902185956e+02
7.370920096321627852e+02
7.892516287865709046e+02
8.223682136804335414e+02
7.605115499902543661e+02
6.215971827087134898e+02
4.840066887838879097e+02
4.102579499756665200e+02
4.002296507446600913e+02
4.077947527906525806e+02
3.901519121938632111e+02
3.411285853555776271e+02
2.865477954601563511e+02
2.531848643594758244e+02
2.447390919942266407e+02
2.442152344899156162e+02
2.328428230181154959e+02
2.058785251077229077e+02
1.728808264016800536e+02
1.473867486011282892e+02
1.345371140336854410e+02
1.295400881345852042e+02
1.244405815029549274e+02
1.149655858074963817e+02
1.026359719962847663e+02
9.190665140370475683e+01
8.546002263777221231e+01
8.223268579642362397e+01
7.887101008557073101e+01
7.383775727439135039e+01
6.737251562810347139e+01
6.116973576728852890e+01
5.672778657739569041e+01
5.399068770358631753e+01
5.237830217658943610e+01
5.056444799772164345e+01
4.822018075865206299e+01
4.602881832586506761e+01
4.447349006116885306e+01
4.346197272393568767e+01
4.253093264369837101e+01
4.157938660390442465e+01
4.070542858112563778e+01
3.974136111664984128e+01
3.914081679738887942e+01
3.863002589012274512e+01
3.841777377322412690e+01
3.835716248713382726e+01
3.841396851264609325e+01
3.847701446839528927e+01
3.850676701672647084e+01
3.870918773898780785e+01
3.908191784222356802e+01
3.940826971227134123e+01
3.963808341606841879e+01
4.757555645663097010e+01
-3.908541732486411036e+01
-7.016381885767080462e+01
-3.023294974893197562e+01
2.032771695397232392e+01
1.287223090556983252e+01
-5.582049192461164466e+01
-1.210148181711918767e+02
-1.176847063706652818e+02
-4.553931556672842618e+01
3.282581553153460874e+01
5.361562645121563975e+01
9.205122586169620647e+00
-5.203874087507815460e+01
-7.608075805801500735e+01
-5.120601666719087319e+01
-1.071476793375881975e+01
4.736319186470733023e+00
-1.528553589256134337e+01
-4.688721633243694242e+01
-5.898718549007891454e+01
-4.202158311410284597e+01
-1.273585879679909816e+01
4.654986948776627109e+00
1.785591078952463162e-01
-1.652200110838856162e+01
-2.832585480718292814e+01
-2.636182417842593040e+01
-1.533361196712730745e+01
-6.338298277938172909e+00
-6.043173692259555807e+00
-1.211942180119864965e+01
-1.729093575008518968e+01
-1.656871596414637793e+01
-1.089790029120766057e+01
-5.055602794297607616e+00
-2.899804480479895474e+00
-4.517907920317652426e+00
-7.110537893624211847e+00
-7.956383877725082598e+00
-6.534529191746552890e+00
-4.317531110903579439e+00
-3.028211153142991385e+00
-3.173707857705160507e+00
-3.959893569575864802e+00
-4.280716481029390508e+00
-3.694251471393818598e+00
-2.606925295220684280e+00
-1.732453599369947250e+00
-1.454206957704488712e+00
-1.620643765468147368e+00
-1.813273572021877555e+00
-1.743836654692821231e+00
-1.432811470933858189e+00
-1.095427810371108146e+00
-9.111696625101947111e-01
-8.910281495478932223e-01
-9.177611653330965957e-01
-8.753202213972989254e-01
-7.397772723625420932e-01
-5.720245189360755322e-01
-4.468564394710994869e-01
-3.921970356021620141e-01
-3.819748577824081948e-01
-3.718520445943824804e-01
-3.373282954470570028e-01
-2.846807370590691555e-01
-2.351927412392515460e-01
-2.032201755541187815e-01
-1.868898267216647646e-01
-1.744254401366528984e-01
-1.561804740389117208e-01
-1.314018827318057248e-01
2.046115309606653554e+01
1.957240348701431643e+01
1.213776537961563484e+01
7.432686754858076839e+00
1.335228128930033975e+01
2.699967008111829614e+01
3.660320027211557914e+01
3.350694233999416127e+01
2.151208653896935274e+01
1.332914258383748596e+01
1.782142449968385023e+01
3.122302701839526051e+01
4.110546305841060644e+01
3.860279025161295152e+01
2.648982316591529340e+01
1.570671605776947288e+01
1.465471927058883139e+01
2.199968302813982035e+01
2.915606246326419182e+01
2.894751371611270230e+01
2.176096478013624136e+01
1.404914393889205826e+01
1.171817435214280856e+01
1.507024475518734619e+01
1.947951553664920610e+01
2.020473087206427820e+01
1.643068621717706534e+01
1.121710695389832857e+01
8.207881275889644002e+00
8.517426310192179884e+00
1.035764822949174402e+01
1.115278501353704321e+01
9.833162034465885881e+00
7.361906766764870547e+00
5.470006717805938834e+00
5.056517640359999177e+00
5.647070776546410542e+00
6.101033923206291121e+00
5.686354325387082298e+00
4.563817835771580178e+00
3.436087601520898538e+00
2.854629936974699689e+00
2.826312622423519549e+00
2.953065923998352105e+00
2.853314511011022514e+00
2.454741387533065922e+00
1.963147765723028515e+00
1.620502655152112448e+00
1.501880342762254239e+00
1.500669664736887565e+00
1.460624641358191367e+00
1.309946439723568057e+00
1.092094169297108452e+00
8.985622271966640096e-01
7.844515382478604026e-01
7.368295044848360842e-01
7.046431102290169335e-01
6.486225048661975467e-01
5.668632195895295656e-01
4.838588441655766736e-01
4.227377982980301541e-01
3.872199615179724441e-01
3.640924451468559031e-01
3.379979191647201620e-01
3.033980258655147311e-01
2.654367450715401922e-01
2.325390887264533468e-01
2.089118859991216104e-01
1.926020409552130774e-01
1.788027985395911623e-01
1.641804720632656645e-01
1.486851159183741888e-01
1.342872277369646650e-01
2.055648269819306279e+03
1.793938816955174389e+03
2.207873039796023932e+03
2.560516179408061817e+03
2.435319005150329758e+03
2.033940845167468751e+03
1.832369089270360973e+03
2.038039353056385835e+03
2.404390538950716746e+03
2.512929611160494005e+03
2.185853257685802419e+03
1.624630931371627184e+03
1.187616719170647457e+03
1.066754533685255865e+03
1.164911535566786142e+03
1.243876921336425994e+03
1.157764363147120548e+03
9.534420519353634518e+02
7.830068189137419949e+02
7.424467968341906499e+02
7.948854693380874323e+02
8.282888650918268922e+02
7.667348258319590286e+02
6.281271229198264336e+02
4.908555929219611471e+02
4.174340939978367260e+02
4.077422807760743240e+02
4.156525250812053969e+02
3.983650899707185431e+02
3.497041565483173144e+02
2.954958377416432427e+02
2.625138934510616764e+02
2.544572935945063819e+02
2.543317594629394307e+02
2.433672241065143567e+02
2.168181512645742544e+02
1.842450240208931120e+02
1.591831437832672123e+02
1.467736318429842015e+02
1.422255319266179185e+02
1.375826038239163438e+02
1.285721205131321199e+02
1.167148837661744096e+02
1.064661270314133787e+02
1.005075798820149373e+02
9.777638998210788657e+01
9.491884183919997042e+01
9.039722580366280624e+01
8.445130540706627187e+01
7.877567029045620473e+01
7.486841231516767436e+01
7.267384911695920380e+01
7.161175923395214227e+01
7.035588109356073971e+01
6.857750652666132396e+01
6.695974760387025526e+01
6.598543880799462613e+01
6.556264583704584936e+01
6.522777952733480333e+01
6.487962052588196116e+01
6.461671753051192013e+01
6.427081205913856365e+01
6.429584995588487573e+01
6.441808538387884653e+01
6.484609898209693313e+01
6.543308491066269994e+01
6.614497903737309059e+01
6.687029890307820779e+01
6.756978948100336879e+01
6.844914623748329063e+01
6.950596702792137194e+01
7.052377855607919344e+01
7.145230072988468351e+01
4.769546148085570536e+01
-3.896818713331831674e+01
-7.005238478248746503e+01
-3.012364028163980478e+01
2.043149317752272509e+01
1.297208550308263142e+01
-5.572373911763729382e+01
-1.209213396613571376e+02
-1.175930587973448382e+02
-4.545098578825972879e+01
3.291247513867712371e+01
5.370024386575940412e+01
9.288000101080820414e+00
-5.195731551468202269e+01
-7.600155411048811516e+01
-5.112814408277715472e+01
-1.063832427927466284e+01
4.811541184884847056e+00
-1.521142186683755249e+01
-4.681435664976726940e+01
-5.891562454034792040e+01
-4.195106695861668555e+01
-1.266647995688927963e+01
4.723544279423403047e+00
2.463229643372567002e-01
-1.645508803495694394e+01
-2.825990308393295436e+01
-2.629675032956130920e+01
-1.526937007627842213e+01
-6.274721783010993370e+00
-5.980255473880542461e+00
-1.205719052853271478e+01
-1.722938631806005105e+01
-1.650784957092536587e+01
-1.083771069014488830e+01
-4.995974811915639968e+00
-2.840725039643052341e+00
-4.459366989919114843e+00
-7.052529963022515780e+00
-7.898945328167804369e+00
-6.477614410687054125e+00
-4.261106708522064856e+00
-2.972252080467726376e+00
-3.118214457433975628e+00
-3.904846323967782862e+00
-4.226121396017528120e+00
-3.640101202446216710e+00
-2.553191584188164054e+00
-1.679123016189265405e+00
-1.401272649703007467e+00
-1.568090985880124633e+00
-1.761104610829815842e+00
-1.692041599548396613e+00
-1.381376280556289027e+00
-1.044347299895139747e+00
-8.604330604781655900e-01
-8.406241966600914717e-01
-8.676895504725651298e-01
-8.255721228788919230e-01
-6.903438302410929150e-01
-5.229025846576949021e-01
-3.980345734232329513e-01
-3.436704849187831035e-01
-3.337393277953726312e-01
-3.239011088898596236e-01
-2.896561063228176858e-01
-2.372830845030828861e-01
-1.880623006126134200e-01
-1.563533019972918048e-01
-1.402806414856476169e-01
-1.280703166976516483e-01
-1.100742783289572896e-01
-8.554085129022395706e-02
2.051237274463773730e+01
1.962137960040963591e+01
1.218470740480336900e+01
7.477606415241157656e+00
1.339571343627980582e+01
2.704124577397536200e+01
3.664399301309712342e+01
3.354650071596592653e+01
2.155046132075535681e+01
1.336676718023922561e+01
1.785815675910870226e+01
3.125900071977647343e+01
4.114067554235148805e+01
3.863740822365894445e+01
2.652403909868471388e+01
1.574024979052574480e+01
1.468772455676542954e+01
2.203221612673214480e+01
2.918820534918558351e+01
2.897932576374016733e+01
2.179243621516192064e+01
1.408022795633704227e+01
1.174897731273770063e+01
1.510070602347123803e+01
1.950973828463494542e+01
2.023476667236768733e+01
1.646053708144384942e+01
1.124674064016721609e+01
8.237328348550825297e+00
8.546668537208960359e+00
1.038675240494134933e+01
1.118178953805658082e+01
9.862044219071202988e+00
7.390689854384271840e+00
5.498705068781630345e+00
5.085112940308548879e+00
5.675610965569708455e+00
6.129527912408463841e+00
5.714802455640930035e+00
4.592257095936242983e+00
3.464501136315803365e+00
2.883027736577469025e+00
2.854705870595686257e+00
2.981480416562390268e+00
2.881746459034308927e+00
2.483208265924158109e+00
1.991657444088670514e+00
1.649057067338314919e+00
1.530489090754314940e+00
1.529347608375924983e+00
1.489374076764873100e+00
1.338782045704806078e+00
1.121020672498134418e+00
9.275843745127594353e-01
8.135801139328204812e-01
7.660721075486890408e-01
7.340041618965795767e-01
6.781136627080740498e-01
5.964896915276158840e-01
5.136261057020855558e-01
4.526556457545010126e-01
4.172924333302860389e-01
3.943273404360455037e-01
3.684031484255229638e-01
3.339790512777756626e-01
2.961997205638561836e-01
2.634913896483416784e-01
2.400585850330214377e-01
2.239506569117573620e-01
2.103589313175804054e-01
1.959501787640335335e-01
1.806745008030552768e-01
1.665027050584592105e-01
2.069307021050450658e+03
1.808459823140979097e+03
2.223274955494731785e+03
2.576758532816473235e+03
2.452479406321253464e+03
2.052064418362470860e+03
1.851521724851601675e+03
2.058209011555767574e+03
2.425593596478330710e+03
2.535230127356240246e+03
2.209245413124087918e+03
1.649149818870270792e+03
1.213285298113464933e+03
1.093596549318489679e+03
1.192958329271697949e+03
1.273142505142200207e+03
1.188274950666288532e+03
9.852235347583432485e+02
8.160807377750115847e+02
7.768362483529140263e+02
8.306140742999355098e+02
8.653775085445056447e+02
8.052127502290463781e+02
6.680119139380298066e+02
5.321735863745734605e+02
4.602076497801169239e+02
4.519949343485619693e+02
4.614078269410300663e+02
4.456481380651389372e+02
3.985364416296271202e+02
3.459025152708015298e+02
3.145182107515737471e+02
3.080822992491243326e+02
3.096016109513631136e+02
3.003068532779380462e+02
2.754497493883167181e+02
2.445939185393823152e+02
2.212724911485728683e+02
2.106271064342421369e+02
2.078682150366755650e+02
2.050382494430605789e+02
1.978649053742087744e+02
1.878689913630392141e+02
1.795062736511488026e+02
1.754575588761246365e+02
1.746604857381939553e+02
1.737620516624059235e+02
1.712234650589097669e+02
1.672850666225133409e+02
1.636417467746188379e+02
1.617911401365008999e+02
1.616777223817369133e+02
1.627215166499815666e+02
1.635956941707737542e+02
1.639724452107352590e+02
1.645345319613096819e+02
1.657639883379017931e+02
1.675702987303448310e+02
1.694894458894119964e+02
1.714192962216722833e+02
1.734604356123371929e+02
1.754424550150884272e+02
1.778205643721748288e+02
1.803212742137085627e+02
1.831522315200310516e+02
1.861669589750587477e+02
1.893321969406358392e+02
1.925350827972431773e+02
1.957379548028625891e+02
1.991453189098135397e+02
2.027549091156345185e+02
2.063510431656905268e+02
2.098831005867981219e+02
4.805969910727102956e+01
-3.861941782237474285e+01
-6.972004764946159128e+01
-2.980259611496468963e+01
2.073903863376754941e+01
1.326866612130430312e+01
-5.543651039037776940e+01
-1.206430351803395382e+02
-1.173217040650670526e+02
-4.518760358701973701e+01
3.316990379119316401e+01
5.395168606094541985e+01
9.534049676766555237e+00
-5.171611382149463054e+01
-7.576573792151145881e+01
-5.089662319178171401e+01
-1.041101852163949459e+01
5.035008231178204952e+00
-1.499153511278929152e+01
-4.659806152666394041e+01
-5.870284451057665365e+01
-4.174143568927641468e+01
-1.245998662619189901e+01
4.927308192784789931e+00
4.474730208121421859e-01
-1.625652912822958029e+01
-2.806397154209058087e+01
-2.610329293224090819e+01
-1.507827620552131620e+01
-6.085766172087469172e+00
-5.793373619608428449e+00
-1.187235871439656165e+01
-1.704655022017736599e+01
-1.632696410355654493e+01
-1.065872495661798069e+01
-4.818734070605664499e+00
-2.665175771209581157e+00
-4.285463041010920904e+00
-6.880231555608902205e+00
-7.728255117102583505e+00
-6.308455797926908915e+00
-4.093416719424297412e+00
-2.805977480957852155e+00
-2.953328171339124619e+00
-3.741303717945175578e+00
-4.063904322138767178e+00
-3.479178201949010951e+00
-2.393512785485991223e+00
-1.520653708595273823e+00
-1.243985166105176843e+00
-1.411951364225120908e+00
-1.606096426789819898e+00
-1.538136818027801223e+00
-1.228544155192937470e+00
-8.925655104421736930e-01
-7.096748273656473538e-01
-6.908639348916666423e-01
-7.189114195076585778e-01
-6.777531332478712311e-01
-5.434623530939026725e-01
-3.769409899575374978e-01
-2.529698775571569414e-01
-1.994853961087137972e-01
-1.904171816280719187e-01
-1.814245903175100150e-01
-1.480085145230295995e-01
-9.644885922409095202e-02
-4.802462880007894036e-02
-1.709768472654641519e-02
-1.791972568814944114e-03
9.664122943337316932e-03
2.692042377770510059e-02
5.072695202784312934e-02
2.066570005096252771e+01
1.976723461895367606e+01
1.232420703006650697e+01
7.611385844489663377e+00
1.352481551399712423e+01
2.716569926190072337e+01
3.676521309855584008e+01
3.366429728829171353e+01
2.166511822276895671e+01
1.347892277333175137e+01
1.796783506477235193e+01
3.136648861612883366e+01
4.124610352862762852e+01
3.874106207059502083e+01
2.662621907023646273e+01
1.584077068780664632e+01
1.478682606328263915e+01
2.213003683832488022e+01
2.928489925678541184e+01
2.907502016325723915e+01
2.188718331389252469e+01
1.417403967011062704e+01
1.184201473456107934e+01
1.519295882217760862e+01
1.960135798863414180e+01
2.032584993413989949e+01
1.655112844401199013e+01
1.133684875684343396e+01
8.327022374624295509e+00
8.635966436947635216e+00
1.047575675783939886e+01
1.127057226885215080e+01
9.950614777661250798e+00
7.479102670568031463e+00
5.587004691977171866e+00
5.173309256271750201e+00
5.763780628415808849e+00
6.217706565098073845e+00
5.803016424130148287e+00
4.680569277921170723e+00
3.552919162053071123e+00
2.971585709222194893e+00
2.943438481264886164e+00
3.070436653131445759e+00
2.970944695163510119e+00
2.572687745242035806e+00
2.081447922841405784e+00
1.739181109437871076e+00
1.620976933251578211e+00
1.620234556893751288e+00
1.580682166552634715e+00
1.430545465499033719e+00
1.213263473391892555e+00
1.020329914313705011e+00
9.068581718733705888e-01
8.599086987307044128e-01
8.284212456155078952e-01
7.731412440145110088e-01
6.921506475336953734e-01
6.099427700458118773e-01
5.496558935507290800e-01
5.149965783688181808e-01
4.927602147332611482e-01
4.675896846683221253e-01
4.339408625816663090e-01
3.969591777996517856e-01
3.650725186148202628e-01
3.424819133130919124e-01
3.272402020580444382e-01
3.145357350046109057e-01
3.010357716481990575e-01
2.866907328610507344e-01
2.734715631057652030e-01
