1.384456777180256346e-07
1.362025217401043831e-07
1.312384956636283402e-07
1.249998142867567123e-07
1.182746513191334105e-07
1.114797934549261029e-07
1.048689539613937233e-07
9.857515964635198430e-08
9.265786286878219632e-08
8.714787828897512486e-08
8.204572151803435170e-08
7.733795777961599713e-08
7.299833143967031760e-08
6.900145237079472969e-08
6.532402340820885504e-08
6.194248743531101644e-08
5.882998366969984590e-08
5.595892408326938766e-08
5.330580961911978342e-08
5.085160227814112527e-08
4.857788470215321856e-08
4.646639965712371896e-08
4.449926581545569338e-08
4.266197892514695569e-08
4.094375555120427229e-08
3.933425280462061888e-08
3.782318238363505795e-08
3.640044170790742170e-08
3.505784470582518169e-08
3.378933269970141181e-08
3.258909072208897382e-08
3.145131822576241482e-08
3.037032252763597708e-08
2.934154904519937292e-08
2.836171736764306881e-08
2.742768137800916537e-08
2.653630920821113688e-08
2.568452095304465996e-08
2.486987590475277019e-08
2.409064294394840781e-08
2.334516953161379848e-08
2.263180734801476097e-08
2.194891627584907731e-08
2.129496861088889278e-08
2.066855753336437059e-08
2.006829186216964594e-08
1.949277771225313381e-08
1.894064340804900617e-08
1.841073494257687053e-08
1.790213741218567196e-08
1.741396287720682915e-08
1.694532530197725945e-08
1.649534097733230246e-08
1.606318700658268316e-08
1.564809617847616137e-08
1.524931303350894462e-08
1.486608022992698229e-08
1.449764629223656743e-08
1.414332251262888890e-08
1.380248718037681408e-08
1.347452741791558538e-08
1.315882945915775458e-08
1.285478724183845289e-08
1.256183823178571864e-08
1.227947890372128947e-08
1.200721157750844716e-08
1.174453778979762730e-08
1.149096425559639745e-08
1.124604007433060843e-08
1.100937182881187425e-08
1.078056663487936742e-08
1.055923415118133615e-08
1.034498749593776760e-08
1.013748147768180318e-08
9.936419897012329786e-09
9.741511948960642183e-09
9.552463670926319374e-09
9.368989961073568098e-09
9.190833085163067268e-09
9.017777039683242252e-09
8.849611299398351844e-09
8.686123625904450143e-09
8.527101906113311650e-09
8.372362619079837580e-09
8.221749991874284379e-09
8.075110643358812580e-09
7.932289831489770877e-09
7.793137723606019033e-09
7.657520547137336361e-09
7.525325034662832099e-09
7.396440989895580664e-09
7.270756315572524840e-09
7.148163531549424331e-09
7.028563774962924874e-09
6.911872548640491464e-09
6.798006930135431751e-09
6.686883531420170863e-09
6.578420773241767177e-09
6.472542239864225040e-09
6.369179508183622849e-09
6.268265084106849905e-09
6.169730890867188431e-09
6.073509801445645759e-09
5.979538315955358300e-09
5.887759370137915234e-09
5.798114549666025157e-09
5.710546863909598819e-09
5.624998140424476314e-09
5.541413933349339218e-09
5.459741483064281877e-09
5.379928592850448443e-09
5.301923451009651375e-09
5.225674153759308707e-09
5.151130907368740432e-09
5.078245529157026087e-09
5.006970816678922844e-09
4.937259207773202872e-09
4.869063588831811081e-09
4.802339120904251504e-09
4.737044028233579763e-09
4.673136681544712594e-09
4.610576563470090907e-09
4.549322091161275726e-09
4.489333967241826580e-09
4.430575351168563411e-09
4.373009645801607857e-09
4.316600667601552229e-09
4.261310902583055840e-09
4.207107780465868946e-09
4.153959890981974354e-09
4.101837247885802791e-09
4.050709173067293854e-09
4.000545690561086365e-09
3.951319152720716249e-09
3.903004757797290792e-09
3.855579235875406939e-09
3.809018006404021061e-09
3.763297270935291113e-09
3.718394365707133880e-09
3.674288947787191165e-09
3.630961210419189755e-09
3.588389962548998913e-09
3.546556151386493070e-09
3.505441205573765287e-09
3.465028985941854629e-09
3.425303837614234814e-09
3.386249941357533777e-09
3.347851809277341280e-09
3.310094778900793894e-09
3.272965863363073473e-09
3.236451660518709947e-09
3.200539278614260603e-09
3.165215274961874520e-09
3.130467904778197640e-09
3.096285832286077508e-09
3.062657484679863437e-09
3.029571806488565682e-09
2.997017417015301299e-09
2.964983454606707483e-09
2.933460052134252060e-09
2.902436838469544376e-09
2.871903933295550747e-09
2.841851282846977802e-09
2.812268926533050967e-09
2.783148466088014582e-09
2.754480615951059320e-09
2.726256497704051615e-09
2.698467049329894760e-09
2.671103740428417232e-09
2.644157882640132383e-09
2.617621131879705668e-09
2.591484891417903682e-09
2.565740847414219896e-09
2.540380924043382739e-09
2.515397578835108213e-09
2.490783378651568751e-09
2.466530712312294295e-09
2.442632118608114562e-09
2.419080617749191257e-09
2.395869407326541897e-09
2.372991674518996343e-09
2.350441286391094284e-09
2.328211154391482559e-09
2.306295065705675666e-09
2.284686240803916259e-09
2.263378462824317481e-09
2.242365132569954624e-09
2.221640024916739929e-09
2.201197284929542835e-09
2.181031929393673695e-09
2.161138842169276655e-09
2.141513321028579533e-09
2.122150192595365174e-09
2.103044556868101317e-09
2.084191065974757600e-09
2.065584762807357448e-09
2.047220293550020277e-09
2.029092740716662536e-09
2.011197297888215972e-09
1.993530349090045025e-09
1.976087622835249327e-09
1.958865610547729187e-09
1.941860151431810555e-09
1.925067501786529675e-09
1.908484473753041553e-09
1.892106799597274925e-09
1.875931396953346758e-09
1.859954602774382584e-09
1.844172886804939510e-09
1.828583132506424663e-09
1.813182154274939511e-09
1.797966723947058778e-09
1.782933754863217044e-09
1.768080201363920969e-09
1.753403208714063772e-09
1.738899943232829047e-09
1.724567736925470201e-09
1.710403767217635993e-09
1.696405370382190933e-09
1.682570140324556426e-09
1.668895647965847229e-09
1.655379425449733082e-09
1.642019014236155302e-09
1.628812219252298259e-09
1.615756769384097132e-09
1.602850522675187448e-09
1.590091260470538863e-09
1.577476803476473054e-09
1.565004982262563067e-09
1.552673711543180250e-09
1.540480721512171505e-09
1.528423927876925890e-09
1.516501214711480250e-09
1.504710134701706004e-09
1.493049303815174030e-09
1.481516412874224121e-09
1.470109582096498975e-09
1.458826814776235645e-09
1.447666262645833880e-09
1.436626096356175340e-09
1.425704497023334458e-09
1.414899781423305482e-09
1.404210068369150303e-09
1.393633684514610055e-09
1.383169003302797752e-09
1.372814439197898746e-09
1.362568340534470375e-09
1.352429025308537078e-09
1.342395013885261276e-09
1.332464672958730430e-09
1.322636340125949959e-09
1.312908448468624495e-09
1.303279372866239922e-09
1.293747673290431177e-09
1.284311791235009394e-09
1.274970269276589150e-09
1.265721740458195137e-09
1.256564607047419038e-09
1.247497749199692614e-09
1.238519910218152335e-09
1.229630000447352533e-09
1.220826871383508302e-09
1.212109462396320664e-09
1.203476604721732656e-09
1.194927225746380445e-09
1.186460252779962270e-09
1.178074500394436354e-09
1.169768978877664170e-09
1.161542425755852260e-09
1.153393861885249373e-09
1.145322028082292258e-09
1.137325776769368838e-09
1.129403978732291733e-09
1.121555790889931014e-09
1.113780549006305473e-09
1.106077590636924509e-09
1.098446411769501457e-09
1.090886331653533354e-09
1.083396447894513605e-09
1.075975713341856367e-09
1.068623026550817558e-09
1.061337236466974795e-09
1.054117105394121683e-09
1.046961987617344549e-09
1.039870993162643298e-09
1.032843431160682155e-09
1.025878610748703909e-09
1.018975841232964617e-09
1.012134434009843616e-09
1.005353702806460438e-09
9.986329615991157411e-10
9.919715715131714229e-10
9.853689401640424403e-10
9.788240557776663122e-10
9.723366147119681534e-10
9.659056138446470963e-10
9.595306980158663804e-10
9.532108888321685171e-10
9.469456435409953227e-10
9.407342085550977134e-10
9.345758726798489798e-10
9.284698358876787303e-10
9.224153948443308804e-10
9.164119354334066369e-10
9.104589214594662276e-10
9.045558486064350159e-10
8.987021052090176608e-10
8.928972489061415693e-10
8.871406697005662904e-10
8.814317786588141049e-10
8.757699400019783137e-10
8.701545807861163383e-10
8.645850102821171972e-10
8.590608126048606310e-10
8.535814849578972937e-10
8.481466381403074590e-10
8.427559222964654649e-10
8.374088436118846706e-10
8.321049717992521077e-10
8.268438536374204484e-10
8.216249130370694670e-10
8.164477315522043454e-10
8.113118124985771689e-10
8.062165958658934548e-10
8.011616913827522661e-10
7.961466135021582031e-10
7.911708583690122870e-10
7.862339816902559318e-10
7.813355875417388638e-10
7.764752386286372009e-10
7.716525391393311468e-10
7.668671296597047151e-10
7.621185401595547242e-10
7.574064366455296393e-10
7.527303643401807910e-10
7.480899040434300789e-10
7.434846717003064766e-10
7.389142036860567892e-10
7.343782430964688550e-10
7.298766115809013428e-10
7.254091793931740445e-10
7.209757820399883238e-10
7.165762588722398487e-10
7.122102907844815636e-10
7.078773286240987229e-10
7.035768368407306300e-10
6.993082460313341400e-10
