2.054466975469484169e+03
1.793598407424146444e+03
2.207735466757517770e+03
2.559961734072672243e+03
2.434024010239339532e+03
2.032710190111993370e+03
1.831357493283638405e+03
2.037156345366817959e+03
2.403602782630476213e+03
2.511985151282854076e+03
2.185100105013314987e+03
1.624760485611877584e+03
1.188639354372419120e+03
1.068266582545458050e+03
1.166368640631124435e+03
1.245283337266468834e+03
1.159455470361302559e+03
9.557599300865482519e+02
7.859440265545908915e+02
7.456619975354738017e+02
7.981011282982702824e+02
8.315385222270914483e+02
7.703977103554611858e+02
6.325357441855865090e+02
4.960400397887732424e+02
4.231292340388486650e+02
4.136460786094970672e+02
4.217024648940756606e+02
4.047516685465509454e+02
3.566351748020429113e+02
3.030162343504258615e+02
2.704781321225522674e+02
2.627079720472908662e+02
2.628471906958358204e+02
2.522733847098951401e+02
2.262717941720907504e+02
1.943008346056807056e+02
1.697794229937585442e+02
1.578087779788114347e+02
1.536561521774082166e+02
1.494437338111481779e+02
1.409361799087035365e+02
1.296275252103285140e+02
1.199154666463996364e+02
1.144539164002522682e+02
1.122029675393920058e+02
1.098503636144767341e+02
1.058792293441526766e+02
1.005186608682221845e+02
9.543700685743185375e+01
9.210991203974215580e+01
9.048345824234624502e+01
8.999553227176608061e+01
8.933485819317083099e+01
8.817313342748039418e+01
8.718581229815625022e+01
8.684789541595218054e+01
8.706397564289220270e+01
8.737644027685922765e+01
8.769211462448831185e+01
8.811114801186647583e+01
8.846118694078816702e+01
8.919219500704446091e+01
9.002962715918778258e+01
9.118321834354021860e+01
9.250798082673874490e+01
9.397311554838054803e+01
9.546530296265477489e+01
9.694326296358516970e+01
9.861385533463557351e+01
1.004749592562376534e+02
1.023086130667889364e+02
1.040660133034536869e+02
4.745933101157534395e+01
-3.923698493644965879e+01
-7.027712644983635926e+01
-3.031244922816059884e+01
2.027015893795119439e+01
1.280000089728680202e+01
-5.589063166223274237e+01
-1.210901199852921906e+02
-1.177733658020169685e+02
-4.565574854878877176e+01
3.266981591141601626e+01
5.345436530406244202e+01
9.097119743599789032e+00
-5.205741681514503938e+01
-7.606665172905304928e+01
-5.122743421818386622e+01
-1.079762299123206226e+01
4.631709107349526455e+00
-1.533104858908141033e+01
-4.684392852343138713e+01
-5.890618876571927842e+01
-4.199620748448538166e+01
-1.281739451645070815e+01
4.508725619512968130e+00
5.532071913046569117e-02
-1.656211414756686295e+01
-2.830098619288981610e+01
-2.634378608911186603e+01
-1.537669019046443353e+01
-6.426264560892537503e+00
-6.113160300189367291e+00
-1.213179106382541761e+01
-1.726356388376974849e+01
-1.655238303118248311e+01
-1.092829487010857292e+01
-5.123826873118143332e+00
-2.969882860856928986e+00
-4.560093394904328967e+00
-7.123842408188634678e+00
-7.963441823106674811e+00
-6.557082773928617492e+00
-4.359154432610746532e+00
-3.075194098615875227e+00
-3.210188334508408126e+00
-3.981811360940946454e+00
-4.297027509398311018e+00
-3.717488987040010961e+00
-2.642383383118452223e+00
-1.775808574266256601e+00
-1.497047855019175033e+00
-1.657884402714913774e+00
-1.846143707946830581e+00
-1.776756624122525441e+00
-1.468750159032116587e+00
-1.133735530244065481e+00
-9.487720097046185019e-01
-9.255792474136395054e-01
-9.493619920928330069e-01
-9.060153073342032126e-01
-7.716710810389789676e-01
-6.058461014763567576e-01
-4.819060743030392224e-01
-4.273027159705736766e-01
-4.164709348224546193e-01
-4.057882391986834536e-01
-3.710274863279838797e-01
-3.182361154928857183e-01
-2.683073001862421592e-01
-2.354885859093943379e-01
-2.181496288318020005e-01
-2.048923203686739414e-01
-1.862983838498553091e-01
-1.615546872919149390e-01
2.046630758048214105e+01
1.957175494348150124e+01
1.212704375458513972e+01
7.413761826207158734e+00
1.333775090854724787e+01
2.699533126217919943e+01
3.660217706360640477e+01
3.350314875441705453e+01
2.150050821541250556e+01
1.331183898700268387e+01
1.779602489728429049e+01
3.118350085209791089e+01
4.105362593110658764e+01
3.855692662541226667e+01
2.646473079092402614e+01
1.569273161371561365e+01
1.463334982869891299e+01
2.195754476940157573e+01
2.909801029515996618e+01
2.889292031104143277e+01
2.172509149337171408e+01
1.403090961750522681e+01
1.169962214248727683e+01
1.503668641601921863e+01
1.943247267235651066e+01
2.015893650624396116e+01
1.639927912457079273e+01
1.120497129993852958e+01
8.207042168909174151e+00
8.509030413490485500e+00
1.033377683247963930e+01
1.112351634505733244e+01
9.813591157848835067e+00
7.357695639461008241e+00
5.473722681724124683e+00
5.057061096418230761e+00
5.640063403380411344e+00
6.090498892567761224e+00
5.680045367127938505e+00
4.566285872186923278e+00
3.446107572599452773e+00
2.867667666469490673e+00
2.838320158249832303e+00
2.963458655049883816e+00
2.864340359387586687e+00
2.469150873228850074e+00
1.981858380056143565e+00
1.642186401686984487e+00
1.524531581808663550e+00
1.523214111763186107e+00
1.483455961018440572e+00
1.334242137017518370e+00
1.118659707897927236e+00
9.273285604666215987e-01
8.147513417351845977e-01
7.680262043569489050e-01
7.365339970983495466e-01
6.814390585569281011e-01
6.009665940797161987e-01
5.194264160464499014e-01
4.596897441442066579e-01
4.253115475301651460e-01
4.031208126867801833e-01
3.779388912783419041e-01
3.443822776753422410e-01
3.076340928288486820e-01
2.760452600917974730e-01
2.536995736173046079e-01
2.385853185122066289e-01
2.259222397625605117e-01
2.124558967461137593e-01
1.981905913927185514e-01
1.850953945068812001e-01
2.053361695821987723e+03
1.792261168804732506e+03
2.206099763340235768e+03
2.558050821872727738e+03
2.431833166429522407e+03
2.030218638042074417e+03
1.828576385771229980e+03
2.034042496029083622e+03
2.400148736092273793e+03
2.508225926495540534e+03
2.180993502788148362e+03
1.620295573361961260e+03
1.183799729179776250e+03
1.063040665175700269e+03
1.160747421045832652e+03
1.239264274427560395e+03
1.153016782377250138e+03
9.488960121643791581e+02
7.786331305757656764e+02
7.378937447853176081e+02
7.898613646578991165e+02
8.228192967730034297e+02
7.611843677581910015e+02
6.228165443822083489e+02
4.857940690896319893e+02
4.123457358341589156e+02
4.023105937332493340e+02
4.098028534753142367e+02
3.922712206463444318e+02
3.435623515281417895e+02
2.893341689323349328e+02
2.561720712520908023e+02
2.477647378536130702e+02
2.472523220930746106e+02
2.360120463413559833e+02
2.093299426548227871e+02
1.766628901843501751e+02
1.514307318967158835e+02
1.387346201547850910e+02
1.338409378151912961e+02
1.288727761126105520e+02
1.195943074391306169e+02
1.074995787001008978e+02
9.698582760853641105e+01
9.070793727547444973e+01
8.762502684718739943e+01
8.442515910350870456e+01
7.959160064562391312e+01
7.335319043796607730e+01
6.737807888298360126e+01
6.314219069080744617e+01
6.059153185851190671e+01
5.916426859684964512e+01
5.754873310474308568e+01
5.541665605082881285e+01
5.344360405701853267e+01
5.210455993839471489e+01
5.130410649682125523e+01
5.058409223114203712e+01
4.985173682366845327e+01
4.920696379642163976e+01
4.847746008869133050e+01
4.811319902094051315e+01
4.783969803785719677e+01
4.786646054502989500e+01
4.804891385598514830e+01
4.835551150472242199e+01
4.867370611676366821e+01
4.896214052239660219e+01
4.942713331350969952e+01
5.006663573580271986e+01
5.066293036135382266e+01
5.116717987798309508e+01
4.747628723780032800e+01
-3.922116401041275680e+01
-7.026398438185799478e+01
-3.030045563127988473e+01
2.028221748088363796e+01
1.281366143663421830e+01
-5.587713837345270917e+01
-1.210784590408537014e+02
-1.177629252952644663e+02
-4.564743324804795321e+01
3.267925553684030859e+01
5.346512060170024938e+01
9.108501928673625514e+00
-5.204661908263862102e+01
-7.605705808126982959e+01
-5.121891366964676706e+01
-1.078887733260402193e+01
4.640971637291140262e+00
-1.532147577380404613e+01
-4.683473604854312811e+01
-5.889746540048687962e+01
-4.198812429361910858e+01
-1.280941685820962483e+01
4.516984325878817152e+00
6.377768583046121431e-02
-1.655369545494831485e+01
-2.829283563366739429e+01
-2.633602756904470610e+01
-1.536901819237389866e+01
-6.418611501832041988e+00
-6.105434886241488890e+00
-1.212408455282032271e+01
-1.725602090133765998e+01
-1.654502968834234622e+01
-1.092104515038028723e+01
-5.116622367530451854e+00
-2.962671933370053523e+00
-4.552907770611033911e+00
-7.116748125509420042e+00
-7.956432025723690238e+00
-6.550165810065588623e+00
-4.352298851724301976e+00
-3.068377714022052949e+00
-3.203401383499201227e+00
-3.975089929686328460e+00
-4.290366873330413000e+00
-3.710889976475171270e+00
-2.635843115661459901e+00
-1.769311806102129792e+00
-1.490586985895169692e+00
-1.651468928629695299e+00
-1.839773546920812963e+00
-1.770439742664862148e+00
-1.462480821234585004e+00
-1.127505840940557613e+00
-9.425807032965722865e-01
-9.194279839129296805e-01
-9.432509146420350321e-01
-8.999451780295815162e-01
-7.656417143771597766e-01
-5.998536191905868842e-01
-4.759498414569854896e-01
-4.213812319246126870e-01
-4.105839705064419087e-01
-3.999362250898537696e-01
-3.652111529183803551e-01
-3.124524908038403548e-01
-2.625566634738078498e-01
-2.297693681671673926e-01
-2.124606687436516872e-01
-1.992352505101632476e-01
-1.806726785131497759e-01
-1.559587816303867613e-01
2.047210421441970496e+01
1.957783968620410775e+01
1.213238897183295784e+01
7.418556589596101425e+00
1.334196994049247920e+01
2.699892362591216610e+01
3.660623894756673735e+01
3.350694518933735111e+01
2.150384845645035270e+01
1.331480393415331243e+01
1.779833869114780853e+01
3.118545255052065457e+01
4.105544757542868695e+01
3.855866266471910819e+01
2.646618626828994181e+01
1.569374059827880430e+01
1.463370787909385839e+01
2.195750921728654248e+01
2.909768163911677874e+01
2.889238109894447959e+01
2.172415829084229699e+01
1.402955514747106314e+01
1.169771860960279852e+01
1.503435404326042324e+01
1.942968314060820489e+01
2.015579396861570416e+01
1.639573332640047809e+01
1.120097502243680054e+01
8.202475982921241027e+00
8.503962345926858291e+00
1.032820776955921360e+01
1.111744585534507124e+01
9.807050486449902849e+00
7.350627378051632910e+00
5.466083038082728329e+00
5.048852142669718823e+00
5.631275170646177664e+00
6.081145475231620523e+00
5.670129987323004883e+00
4.555761440452564592e+00
3.434969727566817621e+00
2.855897714436938628e+00
2.825912611748404579e+00
2.950398317250424007e+00
2.850635975308560610e+00
2.454774603401227218e+00
1.966797682629537913e+00
1.626430391648059359e+00
1.508068304853018349e+00
1.506029987509720947e+00
1.465545950391944130e+00
1.315589760069616920e+00
1.099256254799451771e+00
9.071586630209266255e-01
7.938010536319646260e-01
7.462848270236467352e-01
7.139920209619686764e-01
6.580838193758604682e-01
5.767855147044684827e-01
4.944074741611403367e-01
4.338195521141646194e-01
3.985790507281780637e-01
3.755139134545713020e-01
3.494453978728228050e-01
3.149900423815562567e-01
2.773316004013045566e-01
2.448186142162908641e-01
2.215378998084901185e-01
2.054763513077033366e-01
1.918535517961234005e-01
1.774150698764295209e-01
1.621658188290371061e-01
1.480740478039136165e-01
2.052332677075063657e+03
1.791043552637934908e+03
2.204664776062864803e+03
2.556329480677677566e+03
2.429877237839994905e+03
2.028053642008974521e+03
1.826247260044611494e+03
2.031522464172817763e+03
2.397437080244430035e+03
2.505369125497089499e+03
2.177972127619534604e+03
1.617128912800773833e+03
1.180495230222450573e+03
1.059605521685081612e+03
1.157195185656430567e+03
1.235591914583939342e+03
1.149233838947196773e+03
9.450091748030441750e+02
7.746464186751620673e+02
7.338121334370055138e+02
7.856910281771624796e+02
8.185623306904331002e+02
7.568508768028316354e+02
6.184045827609345451e+02
4.813098653365073574e+02
4.077914449639797567e+02
3.976892146167692204e+02
4.051165281722628606e+02
3.875237552358527182e+02
3.387543102347696049e+02
2.844691531557477902e+02
2.512521797461245967e+02
2.427916387834282830e+02
2.422286489279268835e+02
2.309407601205046490e+02
2.042117657231478063e+02
1.715003768348299502e+02
1.462246536377924429e+02
1.334859440375497002e+02
1.285515045290471505e+02
1.235431149303558271e+02
1.142252415383153021e+02
1.020918232802568468e+02
9.154048423700972137e+01
8.522525612013554053e+01
8.210605359758514510e+01
7.887053107575420086e+01
7.400156210186239036e+01
6.772807160879810340e+01
6.171843491959301531e+01
5.744805275977854109e+01
5.486365414043810063e+01
5.340300281194465271e+01
5.175445241692023757e+01
4.958998999112334616e+01
4.758489484660188396e+01
4.621374991838273161e+01
4.538155122463803082e+01
4.462951908053161532e+01
4.386485158944702079e+01
4.318782734543095359e+01
4.242546878325480009e+01
4.202813736630899655e+01
4.172142556076163089e+01
4.171451337843730300e+01
4.186294127239477092e+01
4.213539699092574153e+01
4.241884096453076580e+01
4.267242795387116416e+01
4.310195708759994204e+01
4.370546110111598637e+01
4.426516695189967976e+01
4.473257103175714633e+01
4.752218332649115240e+01
-3.917407057417155869e+01
-7.021946360484015770e+01
-3.025528410605235408e+01
2.032427031642540882e+01
1.285392460754198218e+01
-5.583808139137524762e+01
-1.210409663855840989e+02
-1.177257121038321657e+02
-4.561212729113799469e+01
3.271418802340964049e+01
5.349920561809054220e+01
9.141953201745739221e+00
-5.201359093504810716e+01
-7.602529142688089792e+01
-5.118758194943928430e+01
-1.075813057228438829e+01
4.671288989573232797e+00
-1.529151760885483036e+01
-4.680532381234989003e+01
-5.886868008683612885e+01
-4.195974629707747994e+01
-1.278157019569939301e+01
4.544586587153339963e+00
9.113750517698922249e-02
-1.652665925763805177e+01
-2.826625531521926504e+01
-2.630984131988398289e+01
-1.534319980114904425e+01
-6.393013020977585725e+00
-6.080066442287081152e+00
-1.209898997166388135e+01
-1.723120995261720978e+01
-1.652051740955572612e+01
-1.089683901793501875e+01
-5.092619854296794202e+00
-2.938872061356232912e+00
-4.529311259558654434e+00
-7.093359754179673793e+00
-7.933297889434790306e+00
-6.527250103979794993e+00
-4.329577331297076448e+00
-3.045833993449718946e+00
-3.181043814760583288e+00
-3.952906783981256389e+00
-4.268371174267395318e+00
-3.689081646006808768e+00
-2.614200726114639828e+00
-1.747828414903136673e+00
-1.469261908516014126e+00
-1.630293399804692900e+00
-1.818755250288456748e+00
-1.749574355294187589e+00
-1.441759451494549316e+00
-1.106928375580120028e+00
-9.221412477998319757e-01
-8.991198123400059306e-01
-9.230781676330419572e-01
-8.799033757826670854e-01
-7.457259730458404290e-01
-5.800649449277049952e-01
-4.562805713661225449e-01
-4.018303519873036023e-01
-3.911508031414217545e-01
-3.806177084272257538e-01
-3.460048036542133776e-01
-2.933573182298160886e-01
-2.435684985490572940e-01
-2.108876748773184095e-01
-1.936824690910499414e-01
-1.805595314663408779e-01
-1.620972549642428762e-01
-1.374824663635651756e-01
2.049234122575679962e+01
1.959740225604541664e+01
1.215121008539044922e+01
7.436456312448871842e+00
1.335932799302624829e+01
2.701524648208171087e+01
3.662249724687859498e+01
3.352260663427789211e+01
2.151889034203388817e+01
1.332959583440119644e+01
1.781268644385611921e+01
3.119944153618430605e+01
4.106903261563332563e+01
3.857197233170070660e+01
2.647937936353521593e+01
1.570650611499898552e+01
1.464617152718140147e+01
2.196970020008744484e+01
2.910965821738033554e+01
2.890418033244394280e+01
2.173574991999251083e+01
1.404087247660312698e+01
1.170884979573712315e+01
1.504522103981773995e+01
1.944037262750910244e+01
2.016634180671569609e+01
1.640612696694694606e+01
1.121116799032803790e+01
8.212485465272902019e+00
8.513757041116813085e+00
1.033784171919090866e+01
1.112694532272572445e+01
9.816381187706918254e+00
7.359801243142605642e+00
5.475103684063278742e+00
5.057690588525693975e+00
5.639968831420238082e+00
6.089693132299538014e+00
5.678522187091739504e+00
4.564025632588261772e+00
3.443079737478310864e+00
2.863854323197446483e+00
2.833717934790254134e+00
2.958069369015875694e+00
2.858160113943702729e+00
2.462160986745840052e+00
1.974045713243687050e+00
1.633533793192478489e+00
1.515028513067018023e+00
1.512853938318251323e+00
1.472227802255453355e+00
1.322136632432890480e+00
1.105665055169874567e+00
9.134265238296037648e-01
7.999312851052345907e-01
7.522775676542626799e-01
7.198442246844041215e-01
6.638000098738884303e-01
5.823635297823743784e-01
4.998456780182263803e-01
4.391206908162801903e-01
4.037400218045638089e-01
3.805355436883820497e-01
3.543287484446954738e-01
3.197336426523176844e-01
2.819347186938583327e-01
2.492819478446798576e-01
2.258596228631938319e-01
2.096574297926375174e-01
1.958928581782007905e-01
1.813120976883937085e-01
1.659199057994351911e-01
1.516852996682052646e-01
2.053633787916068286e+03
1.792469077335594420e+03
2.206189305116188279e+03
2.558056544021510490e+03
2.431761251258332777e+03
2.030058720472636651e+03
1.828349667288578985e+03
2.033716012720462686e+03
2.399725543092567477e+03
2.507751334638352091e+03
2.180435235360807837e+03
1.619652991288941621e+03
1.183066771771437971e+03
1.062216280180683270e+03
1.159833304733039540e+03
1.238268536981543775e+03
1.151928266111671064e+03
9.477200121225871499e+02
7.773586717068985763e+02
7.365212539849896984e+02
7.883874751318593326e+02
8.212469733287604186e+02
7.595098827658426899e+02
6.210392262446447376e+02
4.839042484286671311e+02
4.103437725051550160e+02
4.001932917776889553e+02
4.075694023090690052e+02
3.899163535606872983e+02
3.410857066597204721e+02
2.867303029900237448e+02
2.534375890880289717e+02
2.448977856415777126e+02
2.442498083773933786e+02
2.328705491161765906e+02
2.060467906795989563e+02
1.732340559720134365e+02
1.478530842191964041e+02
1.350049906311224674e+02
1.299553862613683179e+02
1.248282405735917422e+02
1.153872700155655906e+02
1.031265342519757837e+02
9.244287545288115382e+01
8.599205665095414020e+01
8.273229124309568761e+01
7.935203806785433756e+01
7.433459792070067351e+01
6.790864588437463567e+01
6.174216649951096514e+01
5.731143074923362946e+01
5.456214724197064925e+01
5.293279917544605695e+01
5.111149081362762558e+01
4.876992446733331121e+01
4.658377126165450477e+01
4.502802722656539203e+01
4.400711596653251689e+01
4.306278146574388899e+01
4.210233326095256245e+01
4.122559160314652615e+01
4.026034759196502222e+01
3.965651165845707737e+01
3.913959027119225453e+01
3.891904747981494239e+01
3.885045790724099390e+01
3.890197564233574923e+01
3.896141851014665747e+01
3.898728142541627761e+01
3.918579208822795579e+01
3.955477488226921423e+01
3.987674496405724511e+01
4.010274622689876622e+01
4.751566520650918335e+01
-3.918410316709303487e+01
-7.023057760403646910e+01
-3.026903507369679502e+01
2.031297421282014071e+01
1.284537434773067588e+01
-5.584617354447480864e+01
-1.210498464276280259e+02
-1.177360029358610944e+02
-4.562306115557760933e+01
3.270436584580568251e+01
5.349118543394488512e+01
9.134856040467219884e+00
-5.202116422797689665e+01
-7.603309959265405382e+01
-5.119629839205351374e+01
-1.076629006449799597e+01
4.663836297938638076e+00
-1.529852873240344202e+01
-4.681238454015019812e+01
-5.887578727564706327e+01
-4.196727867033121129e+01
-1.278885923893653676e+01
4.537648849744618573e+00
8.447305201707747124e-02
-1.653319859494994404e+01
-2.827276040510168542e+01
-2.631649030618530105e+01
-1.534970788358704219e+01
-6.399454880306372218e+00
-6.086335799669113200e+00
-1.210512963660748120e+01
-1.723735021470535500e+01
-1.652666467366226755e+01
-1.090289598144923033e+01
-5.098626757282272770e+00
-2.944774846118189515e+00
-4.535137560317634708e+00
-7.099167552366984602e+00
-7.939031246317299839e+00
-6.532950382361106811e+00
-4.335234568377923203e+00
-3.051439741717771437e+00
-3.186577611692781087e+00
-3.958413852186564608e+00
-4.273831675066095848e+00
-3.694494392510127234e+00
-2.619582257710560302e+00
-1.753168395129506729e+00
-1.474551612486852514e+00
-1.635549086820946796e+00
-1.823967641540831242e+00
-1.754754068174023240e+00
-1.446908082664360107e+00
-1.112036665993733298e+00
-9.272123147334033755e-01
-9.041604957054629743e-01
-9.280832518721044977e-01
-8.848768055045928005e-01
-7.506712393366685721e-01
-5.849760086333574138e-01
-4.611631447216579249e-01
-4.066827926553467920e-01
-3.959725500842086188e-01
-3.854112412852473968e-01
-3.507723204203809786e-01
-2.980959522242234705e-01
-2.482815594107464774e-01
-2.155732310905335847e-01
-1.983413157254783343e-01
-1.851938948787614225e-01
-1.667077746030534158e-01
-1.420680035695860988e-01
2.048748972090205100e+01
1.959309620497042559e+01
1.214657565808666284e+01
7.431930966969056307e+00
1.335456153318325079e+01
2.701072900450947500e+01
3.661838861449410132e+01
3.351873467734787937e+01
2.151511774111222408e+01
1.332566096801390110e+01
1.780853048081317880e+01
3.119529067065267469e+01
4.106518397840443413e+01
3.856835978119141117e+01
2.647566631266151660e+01
1.570285411629928518e+01
1.464226633339994699e+01
2.196578621952992449e+01
2.910579124184663513e+01
2.890041957197488998e+01
2.173195590806383493e+01
1.403709766375356338e+01
1.170489102355611877e+01
1.504128925358998004e+01
1.943636460380845676e+01
2.016233807493979668e+01
1.640210132008528277e+01
1.120713082879851719e+01
8.208311735555653854e+00
8.509557209307478942e+00
1.033357356587576881e+01
1.112259299664634860e+01
9.812021037424376146e+00
7.355374277427007890e+00
5.470573076377920785e+00
5.053097770303506486e+00
5.635276802707965160e+00
6.084927459142652317e+00
5.673705635694609839e+00
4.559093629450710949e+00
3.438064221136586607e+00
2.858745750758000526e+00
2.828518597868324491e+00
2.952756925825777312e+00
2.852765766091422517e+00
2.456657396369756441e+00
1.968430719178959842e+00
1.627812424288061610e+00
1.509196987013564417e+00
1.506901347465672281e+00
1.466164618255567875e+00
1.315948660073143150e+00
1.099356157740009943e+00
9.069937372556684529e-01
7.933668027588119953e-01
7.455799989733317146e-01
7.130165213814981806e-01
6.568342014904831050e-01
5.752587266473819794e-01
4.926007593429257980e-01
4.317288315917972574e-01
3.962026403431048172e-01
3.728489821526700387e-01
3.464889475804031060e-01
3.117392563355532720e-01
2.737840919807323914e-01
2.409698911494212448e-01
2.173862308007349364e-01
2.010184957931105409e-01
1.870864263845874453e-01
1.723354323372153774e-01
1.567710408274928802e-01
1.423605733364170511e-01
2.056033075150719469e+03
1.794941397188194969e+03
2.208717703681542844e+03
2.560579499960309022e+03
2.434337599079733536e+03
2.032719306577387215e+03
1.831144699437991903e+03
2.036623061525234334e+03
2.402748801256928800e+03
2.510942117443047664e+03
2.183778133962242919e+03
1.623171830223298912e+03
1.186773544041995819e+03
1.066123073863109084e+03
1.163958893363389507e+03
1.242615059519847591e+03
1.156510312951984361e+03
9.525499476057259471e+02
7.824458374698389207e+02
7.418760417835206908e+02
7.940213158708771743e+02
8.271676275057640169e+02
7.657331548795460776e+02
6.275691648762132218e+02
4.907531498921386515e+02
4.175199163888465250e+02
4.077059231416847069e+02
4.154271755065743719e+02
3.981295305200940220e+02
3.496612760875322579e+02
2.956783439048248283e+02
2.627666187694815676e+02
2.546159881390156841e+02
2.543663341232451955e+02
2.433949495086873185e+02
2.169864148964790900e+02
1.845982522755567459e+02
1.596494792469037236e+02
1.472415080396563383e+02
1.426408310438678200e+02
1.379702631279531317e+02
1.289938042461113525e+02
1.172054449082111347e+02
1.070023518320898432e+02
1.010396136835759364e+02
9.827599560404685519e+01
9.539987037514308099e+01
9.089406626627545904e+01
8.498743474821786492e+01
7.934810160586509653e+01
7.545205573454450132e+01
7.324530908811208008e+01
7.216625685001562829e+01
7.090292326713191073e+01
6.912725022257987462e+01
6.751470150697379324e+01
6.653997509597468252e+01
6.610778963740891356e+01
6.575962892958334294e+01
6.540256641154647355e+01
6.513688167464296441e+01
6.478979826027455147e+01
6.481154405473513691e+01
6.492765036789954536e+01
6.534737306331250295e+01
6.592637982221576465e+01
6.663298685441709779e+01
6.735470206354808909e+01
6.805030434296992325e+01
6.892575093004444398e+01
6.997882421293802224e+01
7.099225316073284375e+01
7.191696422470251093e+01
4.763556930679754231e+01
-3.906687247915005656e+01
-7.011914365506295610e+01
-3.015972359666503877e+01
2.041674994024796774e+01
1.294522829163436839e+01
-5.574942061274571614e+01
-1.209563682675130991e+02
-1.176443547975142252e+02
-4.553473164526963757e+01
3.279102547058668193e+01
5.357580287580545786e+01
9.217733489145889081e+00
-5.193973940425981795e+01
-7.595389518595422373e+01
-5.111842571394568324e+01
-1.068984618261862884e+01
4.739058260120137867e+00
-1.522441514887414549e+01
-4.673952511645931196e+01
-5.880422624883614446e+01
-4.189676208019882608e+01
-1.271947998416158754e+01
4.606206359014599627e+00
1.522364744072963183e-01
-1.646628624500731419e+01
-2.820680882809576318e+01
-2.625141612735996688e+01
-1.528546552796352387e+01
-6.335878191476263410e+00
-6.023417997867668738e+00
-1.204289880125641155e+01
-1.717580091564400036e+01
-1.646579800025590856e+01
-1.084270595332748854e+01
-5.038998538618792544e+00
-2.885695598025391106e+00
-4.476596934023259422e+00
-7.041159798552398819e+00
-7.881592600192425024e+00
-6.476035401402810088e+00
-4.278810032300260247e+00
-2.995480688752242049e+00
-3.131084383478349498e+00
-3.903366712121988602e+00
-4.219236582749154252e+00
-3.640344002014310298e+00
-2.565848445471548889e+00
-1.699837752692848758e+00
-1.421617367756283778e+00
-1.582996343817901996e+00
-1.771798708169738168e+00
-1.702959000581454330e+00
-1.395472839845575797e+00
-1.060956145731210443e+00
-8.764757605249994254e-01
-8.537565552412743619e-01
-8.780116686773927759e-01
-8.351287113416336894e-01
-7.012377589169949132e-01
-5.358540799644745389e-01
-4.123412646924639047e-01
-3.581562231672993923e-01
-3.477370404528970504e-01
-3.374603163551068152e-01
-3.031001152998443193e-01
-2.506983182909384711e-01
-2.011511005444703015e-01
-1.687063798734274589e-01
-1.517321461026814866e-01
-1.388387780823444329e-01
-1.206015641619521822e-01
-9.620698459601456642e-02
2.053870847747041850e+01
1.964207217212103274e+01
1.219351757245970802e+01
7.476850407388814013e+00
1.339799383177453507e+01
2.705230464155926384e+01
3.665918131384073320e+01
3.355829304931572210e+01
2.155349249134229339e+01
1.336328558291574709e+01
1.784526273376964411e+01
3.123126436856204080e+01
4.110039651037737940e+01
3.860297768663735951e+01
2.650988214252698683e+01
1.573638786244547383e+01
1.467527168359290179e+01
2.199831943179580662e+01
2.913793413632516760e+01
2.893223152341570525e+01
2.176342723769140264e+01
1.406818164740292332e+01
1.173569403269674183e+01
1.507175063977010510e+01
1.946658742498870609e+01
2.019237380921919822e+01
1.643195203667341531e+01
1.123676439389506143e+01
8.237758780364629274e+00
8.538799557500912130e+00
1.036267784637804112e+01
1.115159746079744352e+01
9.840903135397214285e+00
7.384157252526158288e+00
5.499271421925153724e+00
5.081693150328591813e+00
5.663817057444147096e+00
6.113421442423566887e+00
5.702153724993444861e+00
4.587532793693672950e+00
3.466477709990463563e+00
2.887143552115202016e+00
2.856911873561862159e+00
2.981171435831452055e+00
2.881197703657282450e+00
2.485124239312894279e+00
1.996940372217916204e+00
1.656366829631740201e+00
1.537805737046370247e+00
1.535579311013915538e+00
1.494914047135028623e+00
1.344784257523658599e+00
1.128282652721495305e+00
9.360158653224202041e-01
8.224953789033264684e-01
7.748226209601244419e-01
7.423775618994410408e-01
6.863253658994190598e-01
6.048852031591624989e-01
5.223680034015601992e-01
4.616466962755130243e-01
4.262751086834298819e-01
4.030838670132204649e-01
3.768941878380999144e-01
3.423202872272139707e-01
3.045470567589212973e-01
2.719222021272235668e-01
2.485329141115157625e-01
2.323671205621913594e-01
2.186425655580146177e-01
2.041051415446103467e-01
1.887604145976433667e-01
1.745760622188483602e-01
2.069691858063923974e+03
1.809462402297991503e+03
2.224119628949453272e+03
2.576821826122223229e+03
2.451497995125274429e+03
2.050842893785188608e+03
1.850297332869878119e+03
2.056792718045693164e+03
2.423951866308624631e+03
2.533242627906882262e+03
2.207170289952496660e+03
1.647690718062055794e+03
1.212442123620947086e+03
1.092965092388890298e+03
1.192005684836006822e+03
1.271880643659704901e+03
1.187020900636365013e+03
9.843314285447710290e+02
8.155197556682981030e+02
7.762654938970230205e+02
8.297499210190734402e+02
8.642562737193918565e+02
8.042110755436143563e+02
6.674539543133031430e+02
5.320711406694701964e+02
4.602934720334191638e+02
4.519585780465212110e+02
4.611824782712072874e+02
4.454125777954001251e+02
3.984935594037722808e+02
3.460850200691986629e+02
3.147709366624389986e+02
3.082409946917086359e+02
3.096361863849767815e+02
3.003345779844807453e+02
2.756180110827719432e+02
2.449471454833446842e+02
2.217388264627810486e+02
2.110949822349836609e+02
2.082835151521676380e+02
2.054259089850811222e+02
1.982865886370457531e+02
1.883595513995179260e+02
1.800424992106120783e+02
1.759895924718873061e+02
1.751600915426155325e+02
1.742430807599504021e+02
1.717203053433585467e+02
1.678211950571514137e+02
1.642141786798106864e+02
1.623747828116732421e+02
1.622491827953114409e+02
1.632760148914970273e+02
1.641427357089574741e+02
1.645221889048701200e+02
1.650894868374958548e+02
1.663185237582084426e+02
1.681154430978968151e+02
1.700212958790319533e+02
1.719422413431769030e+02
1.739806008886952213e+02
1.759614409470208614e+02
1.783362577197193843e+02
1.808308398092792686e+02
1.836535059827979808e+02
1.866602533861572226e+02
1.898202054537507593e+02
1.930194850835990792e+02
1.962184701298989182e+02
1.996219239529224012e+02
2.032277664523882379e+02
2.068195171328539459e+02
2.103477647742785166e+02
4.799980600706763312e+01
-3.871810267227844804e+01
-6.978680664871711770e+01
-2.983867742461941219e+01
2.072429489999303343e+01
1.324180825586290666e+01
-5.546219176094934511e+01
-1.206780641362385893e+02
-1.173729995003391480e+02
-4.527134971242352179e+01
3.304845414073691501e+01
5.382724509829757409e+01
9.463782998533341484e+00
-5.169853824764788897e+01
-7.571807853758106432e+01
-5.088690472924813690e+01
-1.046254019764639409e+01
4.962525269990774035e+00
-1.500452883707342622e+01
-4.652323025211238416e+01
-5.859144614183316691e+01
-4.168713037606202221e+01
-1.251298623877865879e+01
4.809970450620161486e+00
3.533860961818052204e-01
-1.626772806187345921e+01
-2.801087743214163339e+01
-2.605795839967193572e+01
-1.509437119250561210e+01
-6.146922387097615292e+00
-5.836536560617780367e+00
-1.185806742430487759e+01
-1.699296495041133426e+01
-1.628491225210555982e+01
-1.066371979276645909e+01
-4.861757561657920945e+00
-2.710146522991162321e+00
-4.302693289417883094e+00
-6.868861567795865319e+00
-7.710902292233606126e+00
-6.306876588723255850e+00
-4.111119909713115916e+00
-2.829206109330420382e+00
-2.966198269633899098e+00
-3.739824211621387562e+00
-4.057019501466405664e+00
-3.479420879970331448e+00
-2.406169545703564783e+00
-1.541368386176930061e+00
-1.264329947667624632e+00
-1.426856758952437243e+00
-1.616790552131059266e+00
-1.549054206773156084e+00
-1.242640662221568881e+00
-9.091743468244005699e-01
-7.257175754047444638e-01
-7.039963061243390552e-01
-7.292335695571153797e-01
-6.873097261939955516e-01
-5.543562436253134385e-01
-3.898924911266117843e-01
-2.672765549843584276e-01
-2.139711158596490082e-01
-2.044149148768872604e-01
-1.949838087438852396e-01
-1.614525077258296692e-01
-1.098641118772510777e-01
-6.111341068806724897e-02
-2.945078524479706472e-02
-1.324349296441040998e-02
-1.104345236644626270e-03
1.639315245669955429e-02
4.006080605122255139e-02
2.069203489534471174e+01
1.978792704452274975e+01
1.233301708696091303e+01
7.610629616623446836e+00
1.352709606115887553e+01
2.717675807383822217e+01
3.678040135772532437e+01
3.367608961764447884e+01
2.166814936180532314e+01
1.347544119449810474e+01
1.795494103296432442e+01
3.133875226144096615e+01
4.120582454464618394e+01
3.870663146677791389e+01
2.661206201108516112e+01
1.583690877311482481e+01
1.477437325410896030e+01
2.209614025697132078e+01
2.923462805228187733e+01
2.902792582660168108e+01
2.185817423097994094e+01
1.416199332733175531e+01
1.182873150300673970e+01
1.516400355627443020e+01
1.955820720187989181e+01
2.028345700457994027e+01
1.652254325136654600e+01
1.132687238931366380e+01
8.327452778586769355e+00
8.628097578346977770e+00
1.045168230407816345e+01
1.124038013091646349e+01
9.929473607232345955e+00
7.472569956098549682e+00
5.587571039696688224e+00
5.169889546313893192e+00
5.751986785838484550e+00
6.201600089018921125e+00
5.790367652401125831e+00
4.675844879667407028e+00
3.554895689809376869e+00
2.975701526562361199e+00
2.945644511786113640e+00
3.070127689840678187e+00
2.970395929323894624e+00
2.574603683211591942e+00
2.086730825730740868e+00
1.746490864970055901e+00
1.628293581701156789e+00
1.626466279513611335e+00
1.586222130473759373e+00
1.436547668888582763e+00
1.220525445503394257e+00
1.028761385981351140e+00
9.157734374810474476e-01
8.686592311558201107e-01
8.367946346157144610e-01
7.813529539153233339e-01
7.005461638523878820e-01
6.186846503888269178e-01
5.586469614735604106e-01
5.239792503360194420e-01
5.015167310675395784e-01
4.760807352221136379e-01
4.422821041265521114e-01
4.053065034179754722e-01
3.735033412995934499e-01
3.509562267936866542e-01
3.356566747283245000e-01
3.228193757689974408e-01
3.091907370531780663e-01
2.947766357078467903e-01
2.815449319782037385e-01
