2.055063387459711066e+03
1.793967534194185419e+03
2.208232002527644454e+03
2.560796017935636428e+03
2.435367113519361283e+03
2.033992648129531744e+03
1.832357187754910001e+03
2.038095647430026702e+03
2.404498032160723142e+03
2.513185788411726662e+03
2.186642923288412021e+03
1.626044612723732371e+03
1.189454623565927022e+03
1.068669294396583155e+03
1.166693677947547940e+03
1.245722230360611093e+03
1.160008585720472865e+03
9.562301992762495502e+02
7.861773841500848903e+02
7.456673469313620899e+02
7.980598781201040310e+02
8.316076729057275543e+02
7.706133581303871551e+02
6.328139907373741835e+02
4.962557248623066926e+02
4.232446771648106392e+02
4.137154712390492364e+02
4.218049554161402739e+02
4.049042349766598363e+02
3.568038675256754004e+02
3.031574452575358691e+02
2.705798827705134499e+02
2.627896524174706769e+02
2.629554637510531165e+02
2.524173058840158888e+02
2.264337719307283692e+02
1.944552736476749146e+02
1.699224802236325331e+02
1.579424614603587997e+02
1.537946684503121730e+02
1.495945886670792788e+02
1.410937955376099637e+02
1.297816365333314934e+02
1.200655856061411129e+02
1.146013364234055558e+02
1.123533833234473747e+02
1.100071586095615714e+02
1.060422307499439682e+02
1.006851689545666204e+02
9.560541353152420641e+01
9.227991374291698889e+01
9.065551914534471223e+01
9.017075502089045358e+01
8.951215181102283225e+01
8.835285015259505315e+01
8.736747340419564978e+01
8.703019696809134587e+01
8.724782029637709968e+01
8.756422095979485221e+01
8.788374184084365481e+01
8.830581208444777985e+01
8.865994819572202346e+01
8.939476962452314979e+01
9.023452408723990459e+01
9.139027144767557331e+01
9.271719832727754351e+01
9.418411239722351525e+01
9.567797088352567414e+01
9.715878630751403477e+01
9.883123676665397284e+01
1.006942338822551193e+02
1.025309533505496660e+02
1.042927097234442044e+02
4.749410313073146739e+01
-3.921932531973526892e+01
-7.030257702435645228e+01
-3.033218546923955117e+01
2.027871743814356265e+01
1.284377195739087085e+01
-5.584939222447124507e+01
-1.210877589723189942e+02
-1.178104201795731711e+02
-4.570721407733794450e+01
3.265266352595388355e+01
5.349515564196783401e+01
9.159240731220616993e+00
-5.202757482409131029e+01
-7.609044922370382835e+01
-5.127985521536383828e+01
-1.082834853731581681e+01
4.655404957640343788e+00
-1.527116629796682012e+01
-4.679734762392741487e+01
-5.890468836228097160e+01
-4.202697142822398035e+01
-1.284222069784201459e+01
4.514742301341271080e+00
8.344640307222903064e-02
-1.653876982461544998e+01
-2.829922531706389677e+01
-2.635688062580378599e+01
-1.538668563708436388e+01
-6.422256146364975216e+00
-6.099548540192674118e+00
-1.212061346443125842e+01
-1.726143102869701451e+01
-1.655713677096921899e+01
-1.093286420494982814e+01
-5.123843434057622659e+00
-2.966184953940179447e+00
-4.556416036194927521e+00
-7.122608792805878331e+00
-7.964406594529129357e+00
-6.558440810134495536e+00
-4.359674255284973654e+00
-3.075048421144831234e+00
-3.210281343576011359e+00
-3.982861670513273555e+00
-4.299032560158289051e+00
-3.719941773023821341e+00
-2.644659039894034613e+00
-1.777482740544147122e+00
-1.498000616987070099e+00
-1.658291907828826073e+00
-1.846370880620780364e+00
-1.777211669676818984e+00
-1.469697756020690083e+00
-1.135202528625456786e+00
-9.506462459384427133e-01
-9.277299370896758823e-01
-9.517119820224593241e-01
-9.085301616350438536e-01
-7.742642031803463887e-01
-6.083486875769957836e-01
-4.841330675061933375e-01
-4.291712143351946729e-01
-4.180569606070723698e-01
-4.072873782059485137e-01
-3.726571018020827242e-01
-3.201470489011686293e-01
-2.705468962918071152e-01
-2.380139379314130110e-01
-2.208770697458018739e-01
-2.077244804073053452e-01
-1.891517030310164993e-01
-1.643731363316576488e-01
2.046185417662446326e+01
1.957195859809337080e+01
1.212543292340366285e+01
7.413626656378070834e+00
1.333657758033054463e+01
2.699084568779864668e+01
3.659948229793545238e+01
3.350678785290632788e+01
2.150569404417687380e+01
1.331435721484330870e+01
1.779541842838888499e+01
3.118769334630966128e+01
4.106796530973459625e+01
3.857616211821743235e+01
2.647706750570378986e+01
1.569676986289489484e+01
1.463075605895368270e+01
2.195467312495861734e+01
2.909866209781069912e+01
2.889720492957853537e+01
2.172937711423211127e+01
1.403314639166656796e+01
1.169859061954001689e+01
1.503468374180126510e+01
1.943134645185025988e+01
2.015931507523328747e+01
1.640040521953507735e+01
1.120700949386817591e+01
8.208531594575482870e+00
8.509005898815576785e+00
1.033324978498925262e+01
1.112296714281777632e+01
9.813723227414278938e+00
7.359295487012341042e+00
5.475770234154167859e+00
5.058366696769002857e+00
5.640415365115560853e+00
6.090352154411824870e+00
5.680533209277737861e+00
4.568162843140274099e+00
3.448540562319577951e+00
2.869847043002129006e+00
2.839636088160753413e+00
2.964329897016269033e+00
2.865464995768058465e+00
2.471078376736325577e+00
1.984200271937879956e+00
1.644329627242785641e+00
1.526135687761428716e+00
1.524378158116763027e+00
1.484735077574053985e+00
1.336045867979908319e+00
1.120901050440845204e+00
9.296151878059765172e-01
8.168472340206949234e-01
7.698664021062363583e-01
7.383454330331210569e-01
6.834674122686399400e-01
6.032220954899233378e-01
5.217496614733202476e-01
4.619476389961130747e-01
4.274582864041722163e-01
4.052398892924083396e-01
3.801738455993453059e-01
3.467782924972458991e-01
3.101241168567923090e-01
2.785427327851021650e-01
2.561601140941925370e-01
2.410213498595392134e-01
2.283886535082894076e-01
2.149875969225873984e-01
2.007736198682772422e-01
1.876972153254602427e-01
2.053958110213353848e+03
1.792630308420478514e+03
2.206596298712205225e+03
2.558885097240790401e+03
2.433176267460296913e+03
2.031501102147755319e+03
1.829576098644418607e+03
2.034981801663373517e+03
2.401043980405958337e+03
2.509426559388617989e+03
2.182536324809033886e+03
1.621579709481460668e+03
1.184615009715658971e+03
1.063443382639189167e+03
1.161072457822287333e+03
1.239703166181252982e+03
1.153569897040043998e+03
9.493662857956879861e+02
7.788664927816033696e+02
7.378990968194540301e+02
7.898201140948500552e+02
8.228884446809731799e+02
7.614000131455532028e+02
6.230947917883454465e+02
4.860097554012502883e+02
4.124611803599780728e+02
4.023799864856514432e+02
4.099053434989084508e+02
3.924237859843159413e+02
3.437310446688306911e+02
2.894753807015327425e+02
2.562738223946400922e+02
2.478464181362092518e+02
2.473605947346449341e+02
2.361559669963474164e+02
2.094919204272769093e+02
1.768173293766505481e+02
1.515737893482726975e+02
1.388683039713610583e+02
1.339794538277986646e+02
1.290236308357870598e+02
1.197519230263440306e+02
1.076536902225748378e+02
9.713594641447491540e+01
9.085535766715995010e+01
8.777544253729837465e+01
8.458195381234082788e+01
7.975460197594983924e+01
7.351969868467094216e+01
6.754648538395460378e+01
6.331219254299120536e+01
6.076359255683077976e+01
5.933949138232560472e+01
5.772602691036343003e+01
5.559637278743415578e+01
5.362526488290228599e+01
5.228686148273367706e+01
5.148795113739362961e+01
5.077187288773343710e+01
5.004336406117290892e+01
4.940162764643993398e+01
4.867622131282058007e+01
4.831577367585773430e+01
4.804459486765428267e+01
4.807351345364221373e+01
4.825813163019795127e+01
4.856650795016556543e+01
4.888637401954604655e+01
4.917766396726074873e+01
4.964451474868362624e+01
5.028591012534489124e+01
5.088527076850632369e+01
5.139387603347829270e+01
4.751105872779609740e+01
-3.920350212400369827e+01
-7.028943495785219397e+01
-3.032019206467252204e+01
2.029077510928406625e+01
1.285743195601978606e+01
-5.583589811702883310e+01
-1.210760970387816826e+02
-1.177999789465927591e+02
-4.569889921528958610e+01
3.266210204850368370e+01
5.350590997070080590e+01
9.170623198695242451e+00
-5.201677609539947866e+01
-7.608085464222949668e+01
-5.127133466574733234e+01
-1.081960363882608256e+01
4.664666463777608740e+00
-1.526159371339020332e+01
-4.678815452841029554e+01
-5.889596424027907062e+01
-4.201888795025973167e+01
-1.283424343511494214e+01
4.523000415630848536e+00
9.190320944922651669e-02
-1.653035088785071238e+01
-2.829107436631689154e+01
-2.634912200738645893e+01
-1.537901380099714999e+01
-6.414603341378387391e+00
-6.091823186023801462e+00
-1.211290685961010283e+01
-1.725388788403992635e+01
-1.654978336364422020e+01
-1.092561452864298843e+01
-5.116639009964715434e+00
-2.958974065937474140e+00
-4.549230389133119168e+00
-7.115514461468446683e+00
-7.957396773060267492e+00
-6.551523849830756419e+00
-4.352818692421092983e+00
-3.068232043065639125e+00
-3.203494383049266148e+00
-3.976140220262297742e+00
-4.292371911187085054e+00
-3.713342757463762300e+00
-2.638118781293518289e+00
-1.770985987347370338e+00
-1.491539759185858571e+00
-1.651876439182998979e+00
-1.840000717556429910e+00
-1.770894781246155958e+00
-1.463428411552889497e+00
-1.128972832815752003e+00
-9.444549322646794698e-01
-9.215786694998202577e-01
-9.456009009938775023e-01
-9.024600292733085949e-01
-7.682348389930041543e-01
-6.023562073406969475e-01
-4.781768408478124788e-01
-4.232497363985899819e-01
-4.121699987974464241e-01
-4.014353623598693743e-01
-3.668407672884355097e-01
-3.143634157933515305e-01
-2.647962534086877873e-01
-2.322947164443710244e-01
-2.151881078768785593e-01
-2.020674071527001903e-01
-1.835259999488499660e-01
-1.587772284837161429e-01
2.046765069549430294e+01
1.957804331241408136e+01
1.213077814641867214e+01
7.418421381465237552e+00
1.334079670097607817e+01
2.699443808162797254e+01
3.660354401469493268e+01
3.351058420493561840e+01
2.150903430567027996e+01
1.331732225126607005e+01
1.779773225883138821e+01
3.118964491549060725e+01
4.106978678727101340e+01
3.857789819286939803e+01
2.647852314145568542e+01
1.569777901047324242e+01
1.463111419252893342e+01
2.195463753627085524e+01
2.909833337605124370e+01
2.889666568033993954e+01
2.172844392076270381e+01
1.403179196454105337e+01
1.169668715478786858e+01
1.503235135744015771e+01
1.942855690536458724e+01
2.015617251560853163e+01
1.639685939112367308e+01
1.120301321562528507e+01
8.203965428501291512e+00
8.503937854891393755e+00
1.032768073291773625e+01
1.111689664229945151e+01
9.807182533706075844e+00
7.352227206123189696e+00
5.468130591161994403e+00
5.050157768080445031e+00
5.631627144016489339e+00
6.080998735967995117e+00
5.670617810017329674e+00
4.557638392215427992e+00
3.437402717277541875e+00
2.858077102816832138e+00
2.827228555390226994e+00
2.951269558933651282e+00
2.851760603165423458e+00
2.456702095275052677e+00
1.969139572959998308e+00
1.628573623857820785e+00
1.509672422443816497e+00
1.507194035565213364e+00
1.466825061688821208e+00
1.317393479673042878e+00
1.101497594909857547e+00
9.094452951062405033e-01
7.958969497006243010e-01
7.481250252830206060e-01
7.158034550141911811e-01
6.601121687706157370e-01
5.790410133332103415e-01
4.967307215004152510e-01
4.360774471547795850e-01
4.007257912845773040e-01
3.776329899185089656e-01
3.516803487709524445e-01
3.173860529829860555e-01
2.798216273579376967e-01
2.473160831890283406e-01
2.239984410051074626e-01
2.079123838199615493e-01
1.943199652998455207e-01
1.799467667653296965e-01
1.647488485421060855e-01
1.506758657024509229e-01
2.052929061139889200e+03
1.791412689711435632e+03
2.205161318814259175e+03
2.557163767271225424e+03
2.431220332728798439e+03
2.029336092030595410e+03
1.827246979261752813e+03
2.032461771436294157e+03
2.398332319997601189e+03
2.506569761084585025e+03
2.179514949440318560e+03
1.618413048694947520e+03
1.181310510430617569e+03
1.060008239511482543e+03
1.157520223449403829e+03
1.236030805963904413e+03
1.149786953185221591e+03
9.454794490966044123e+02
7.748797822248361626e+02
7.338174862783210983e+02
7.856497774708818724e+02
8.186314778151756855e+02
7.570665217791158739e+02
6.186828298603321628e+02
4.815255522563621184e+02
4.079068902005707287e+02
3.977586074911288847e+02
4.052190178086514720e+02
3.876763204064346837e+02
3.389230032363614669e+02
2.846103653223659649e+02
2.513539313405296696e+02
2.428733189776478412e+02
2.423369211166489379e+02
2.310846806972198237e+02
2.043737432124422071e+02
1.716548163333439447e+02
1.463677113285192206e+02
1.336196276607195159e+02
1.286900205124916567e+02
1.236939696909576014e+02
1.143828571247825607e+02
1.022459346565846374e+02
9.169060337065945987e+01
8.537267645672186234e+01
8.225646914799293086e+01
7.902732583833135038e+01
7.416456343798411410e+01
6.789457970120497521e+01
6.188684162552782198e+01
5.761805437699875654e+01
5.503571487893986358e+01
5.357822569198500418e+01
5.193174597468674136e+01
4.976970677684312250e+01
4.776655594998007359e+01
4.639605110353729600e+01
4.556539599235623683e+01
4.481729989989893426e+01
4.405647845341046320e+01
4.338249154283207076e+01
4.262422987634028715e+01
4.223071167662075709e+01
4.192632256065349594e+01
4.192156637845953782e+01
4.207215877216719235e+01
4.234639367319770287e+01
4.263150844921657523e+01
4.288795157740793229e+01
4.331933859884664173e+01
4.392473549204625982e+01
4.448750701263218588e+01
4.495926748807352169e+01
4.755695463814973323e+01
-3.915640906405787547e+01
-7.024491443795591294e+01
-3.027502017912120635e+01
2.033282865527977989e+01
1.289769475867755411e+01
-5.579684088669064579e+01
-1.210386044097412253e+02
-1.177627656281719482e+02
-4.566359342638155283e+01
3.269703456825131838e+01
5.353999500913305098e+01
9.204074416223884114e+00
-5.198374771866434685e+01
-7.604908781882512869e+01
-5.124000292508753063e+01
-1.078885698447683872e+01
4.694983575463901104e+00
-1.523163562386739045e+01
-4.675874210511862827e+01
-5.886717876550149242e+01
-4.199050983891002176e+01
-1.280639692911139349e+01
4.550602518212278902e+00
1.192629489560350781e-01
-1.650331456782259920e+01
-2.826449388656910244e+01
-2.632293569826721935e+01
-1.535319549260781002e+01
-6.389004961000186000e+00
-6.066454780552492210e+00
-1.208781220932347900e+01
-1.722907687439165869e+01
-1.652527103985405788e+01
-1.090140842636018270e+01
-5.092636543662973914e+00
-2.935174216269146985e+00
-4.525633863272694235e+00
-7.092126067941134870e+00
-7.934262618339650075e+00
-6.528608147020438679e+00
-4.330097182137663481e+00
-3.045688327207541235e+00
-3.181136808062739352e+00
-3.953957063159408758e+00
-4.270376202298611368e+00
-3.691534427566366627e+00
-2.616476397018060673e+00
-1.749502603285690627e+00
-1.470214689606478498e+00
-1.630700913079347503e+00
-1.818982419898322211e+00
-1.750029390075124702e+00
-1.442707035637955437e+00
-1.108395362382041283e+00
-9.240154770099009429e-01
-9.012704913672100471e-01
-9.254281534024887401e-01
-8.824182278187149286e-01
-7.483190937428974010e-01
-5.825675406759384112e-01
-4.585075725158411775e-01
-4.036988572946096365e-01
-3.927368350227530835e-01
-3.821168462765047180e-01
-3.476344136994486966e-01
-2.952682422388600014e-01
-2.458080807644397181e-01
-2.134130218818513502e-01
-1.964099081471494257e-01
-1.833916879330104999e-01
-1.649505724296082276e-01
-1.403009177605726854e-01
2.048788787670546441e+01
1.959760588830683758e+01
1.214959923994026880e+01
7.436321168876864007e+00
1.335815468900243808e+01
2.701076098201111719e+01
3.661980228169203144e+01
3.352624566059170519e+01
2.152407617099065007e+01
1.333211417068694260e+01
1.781208001041323996e+01
3.120363390416368432e+01
4.108337179861408117e+01
3.859120784448325026e+01
2.649171630648269371e+01
1.571054454051669680e+01
1.464357785435828774e+01
2.196682851319900109e+01
2.911030993503288755e+01
2.890846490245518297e+01
2.174003555586266145e+01
1.404310929996914759e+01
1.170781836040450408e+01
1.504321835756151238e+01
1.943924638517860615e+01
2.016672034278979808e+01
1.640725302064647906e+01
1.121320618036450689e+01
8.213974921708633303e+00
8.513732558721578414e+00
1.033731468930490927e+01
1.112639610193903650e+01
9.816513226243932522e+00
7.361401056851962998e+00
5.477151240697295975e+00
5.058996226725556156e+00
5.640320812108798876e+00
6.089546392281486753e+00
5.679009997266493137e+00
4.565902571504229179e+00
3.445512729145899122e+00
2.866033718452201562e+00
2.835033885305015655e+00
2.958940613162526212e+00
2.859284734974623543e+00
2.464088469604085674e+00
1.976387606234115468e+00
1.635677029458772580e+00
1.516632635642479743e+00
1.514017989665497277e+00
1.473506907615162342e+00
1.323940346456293771e+00
1.107906394819883733e+00
9.157131542608332175e-01
8.020271846809140515e-01
7.541177707407887842e-01
7.216556539533383052e-01
6.658283579381288897e-01
5.846190289948185459e-01
5.021689217903843039e-01
4.413785916369947770e-01
4.058867619289969197e-01
3.826546161169611660e-01
3.565636996858591035e-01
3.221296532313719374e-01
2.844247422013495563e-01
2.517794202111196533e-01
2.283201597999382493e-01
2.120934643752989956e-01
1.983592724503963900e-01
1.838437942824558413e-01
1.685029314033790193e-01
1.542871211721275615e-01
2.054230204760958259e+03
1.792838229858536124e+03
2.206685840113830636e+03
2.558890810930365205e+03
2.433104350127001908e+03
2.031341190879892110e+03
1.829349398678156376e+03
2.034655321977107178e+03
2.400620782248438445e+03
2.508951963415564023e+03
2.181978061227082890e+03
1.620937136486388454e+03
1.183882063692683005e+03
1.062619003278218315e+03
1.160158340991102250e+03
1.238707427421932607e+03
1.152481380104051141e+03
9.481902902236814725e+02
7.775920385314097985e+02
7.365266086568990431e+02
7.883462241833863118e+02
8.213161184712764680e+02
7.597255257779261228e+02
6.213174745184859376e+02
4.841199359827782587e+02
4.104592184342370729e+02
4.002626846571569104e+02
4.076718918396275626e+02
3.900689178146153608e+02
3.412544002245894035e+02
2.868715156246669835e+02
2.535393407274244169e+02
2.449794658407858776e+02
2.443580806106635066e+02
2.330144692585797657e+02
2.062087684709103996e+02
1.733884953184718540e+02
1.479961418970359261e+02
1.351386747884887711e+02
1.300939020189381949e+02
1.249790951703784714e+02
1.155448855665517414e+02
1.032806459774919432e+02
9.259299410970706390e+01
8.613947741744426878e+01
8.288270684522046849e+01
7.950883249628623162e+01
7.449759918192263797e+01
6.807515429578626254e+01
6.191057283293328339e+01
5.748143275703750277e+01
5.473420774341122552e+01
5.310802200571672671e+01
5.128878481353949326e+01
4.894964121942604862e+01
4.676543181373764924e+01
4.521032877069087874e+01
4.419096060266970483e+01
4.325056210451210603e+01
4.229396052706364628e+01
4.142025523673416387e+01
4.045910879299295004e+01
3.985908635887115992e+01
3.934448701215746524e+01
3.912610020334552274e+01
3.905967596380227747e+01
3.911297169195216838e+01
3.917408640504582706e+01
3.920280498280160231e+01
3.940317353994593219e+01
3.977404904750257941e+01
4.009908550460080789e+01
4.032944212851860755e+01
4.755043607154397733e+01
-3.916643900686493396e+01
-7.025602818268119165e+01
-3.028877170020584231e+01
2.032153097001699038e+01
1.288914433408556448e+01
-5.580493246465512414e+01
-1.210474834361545931e+02
-1.177730558634861779e+02
-4.567452756664241065e+01
3.268721125349357948e+01
5.353197383630234896e+01
9.196977596303275604e+00
-5.199132024290931042e+01
-7.605689522145142689e+01
-5.124871939008110644e+01
-1.079701713217482073e+01
4.687530102064426885e+00
-1.523864690004601385e+01
-4.676580239785523219e+01
-5.887428535867480406e+01
-4.199804204130052199e+01
-1.281368621261434981e+01
4.543664347638666889e+00
1.125984161332644340e-01
-1.650985378284066840e+01
-2.827099874615047526e+01
-2.632958464662404907e+01
-1.535970365464109300e+01
-6.395446973772449972e+00
-6.072724158752730084e+00
-1.209395184923458721e+01
-1.723521703508961878e+01
-1.653141828463277818e+01
-1.090746540330434833e+01
-5.098643481219423457e+00
-2.941077018043646518e+00
-4.531460155932701461e+00
-7.097933839615803819e+00
-7.939995969588570901e+00
-6.534308425730232628e+00
-4.335754427118425625e+00
-3.051294077277287631e+00
-3.186670601733729402e+00
-3.959464123803819291e+00
-4.275836700075490882e+00
-3.696947168576863785e+00
-2.621857932294615612e+00
-1.754842591403973584e+00
-1.475504397139917545e+00
-1.635956602827714601e+00
-1.824194810142520717e+00
-1.755209099798223482e+00
-1.447855666349662895e+00
-1.113503651409285089e+00
-9.290865365133713638e-01
-9.063111772876091266e-01
-9.304332347352128885e-01
-8.873916537904633639e-01
-7.532643665320783999e-01
-5.874785989287891752e-01
-4.633901503972813751e-01
-4.085513033078699285e-01
-3.975585809408277993e-01
-3.869103768840284063e-01
-3.524019337560218013e-01
-3.000068688737225764e-01
-2.505211432862430310e-01
-2.180985757423759830e-01
-2.010687531726130794e-01
-1.880260482577825187e-01
-1.695610984238288543e-01
-1.448864483778594392e-01
2.048303608658067532e+01
1.959329980282922534e+01
1.214496483836563634e+01
7.431795720530735672e+00
1.335338838228824443e+01
2.700624348955433618e+01
3.661569351405336192e+01
3.352237361023822615e+01
2.152030361109931533e+01
1.332817937465735980e+01
1.780792408503921109e+01
3.119948290661520218e+01
4.107952302424995139e+01
3.858759534574815575e+01
2.648800334496898756e+01
1.570689269176580538e+01
1.463967272989181012e+01
2.196291450176241611e+01
2.910644291309295895e+01
2.890470411636366777e+01
2.173624154722461910e+01
1.403933452383670755e+01
1.170385963681508912e+01
1.503928655606616260e+01
1.943523835379429698e+01
2.016271659995005194e+01
1.640322735462201109e+01
1.120916902131848225e+01
8.209801201114524716e+00
8.509532741913384157e+00
1.033304654006518497e+01
1.112204377277741862e+01
9.812153062377021229e+00
7.356974086072861851e+00
5.472620630185467405e+00
5.054403420821660831e+00
5.635628787725385003e+00
6.084780718765880891e+00
5.674193438950920765e+00
4.560970562073875634e+00
3.440497210925159699e+00
2.860925151067664984e+00
2.829834555284627129e+00
2.953628167258713688e+00
2.853890385467501289e+00
2.458584876668613806e+00
1.970772608031631234e+00
1.629955663240666208e+00
1.510801116297135760e+00
1.508065397267765340e+00
1.467443724340306010e+00
1.317752368386968076e+00
1.101597495514293312e+00
9.092803741752364388e-01
7.954627026710432425e-01
7.474201978157641868e-01
7.148279536234255493e-01
6.588625466487728621e-01
5.775142225862036627e-01
4.949240086875102418e-01
4.339867269038282793e-01
3.983493826729386234e-01
3.749680585554616696e-01
3.487238951455576275e-01
3.141352628262224500e-01
2.762741219695166173e-01
2.434673565004364937e-01
2.198467728405417432e-01
2.034545295914405305e-01
1.895528397462838965e-01
1.748671260572170760e-01
1.593540718889356056e-01
1.449623884348872072e-01
2.056629461638633984e+03
1.795310547159251655e+03
2.209214246050040856e+03
2.561413778035035193e+03
2.435680691744519208e+03
2.034001762942120195e+03
1.832144437195045839e+03
2.037562372408602641e+03
2.403644035852295474e+03
2.512142748933463736e+03
2.185320959625218620e+03
1.624455975194477105e+03
1.187588835641259948e+03
1.066525797330359410e+03
1.164283930641720644e+03
1.243053949588219893e+03
1.157063426523268845e+03
9.530202263754210890e+02
7.826792056417672256e+02
7.418813972628581723e+02
7.939800647786363470e+02
8.272367718658438207e+02
7.659487974835922159e+02
6.278474128467472610e+02
4.909688380578026567e+02
4.176353630309090477e+02
4.077753161442614669e+02
4.155296646516414398e+02
3.982820946091846395e+02
3.498299695163807428e+02
2.958195569396763744e+02
2.628683708625442819e+02
2.546976682511211720e+02
2.544746059060763912e+02
2.435388695756689401e+02
2.171483924081828434e+02
1.847526919316021008e+02
1.597925371667600700e+02
1.473751920062647116e+02
1.427793467755136589e+02
1.381211177653761411e+02
1.291514197996297071e+02
1.173595564909229125e+02
1.071524708197813425e+02
1.011870343980351237e+02
9.842641106983366228e+01
9.555666486104556157e+01
9.105706753673599962e+01
8.515394300896275581e+01
7.951650814757154251e+01
7.562205751126158759e+01
7.341736963434317431e+01
7.234147977948505570e+01
7.108021702303024369e+01
6.930696702782356056e+01
6.769636233999453623e+01
6.672227628577810776e+01
6.629163440581390887e+01
6.594740973575899545e+01
6.559419330851879693e+01
6.533154566049859113e+01
6.498855933406952090e+01
6.501411841639510669e+01
6.513254728466586130e+01
6.555442588377248114e+01
6.613559760973041080e+01
6.684398314614216474e+01
6.756736954596108546e+01
6.826582808686910653e+01
6.914313246482198849e+01
7.019809838592858853e+01
7.121459336159016118e+01
7.214366043377964388e+01
4.767033999182236670e+01
-3.904920869593356514e+01
-7.014459449050404771e+01
-3.017945986148236415e+01
2.042530740753198870e+01
1.298899791143061933e+01
-5.570817928376784067e+01
-1.209540053021966060e+02
-1.176814075982714485e+02
-4.558619822524767073e+01
3.277387091148547427e+01
5.361659130015584651e+01
9.279854989837893697e+00
-5.190989518959807469e+01
-7.597769064595195232e+01
-5.117084669180073320e+01
-1.072057335645602905e+01
4.762751823953827568e+00
-1.516453339114650056e+01
-4.669294278659562281e+01
-5.880272417070836610e+01
-4.192752533678444848e+01
-1.274430711473816658e+01
4.612221698294591832e+00
1.803617590878174859e-01
-1.644294130974913060e+01
-2.820504700781213003e+01
-2.626451040807535620e+01
-1.529546138202542238e+01
-6.331870385341205498e+00
-6.009806395173197480e+00
-1.203172094455364416e+01
-1.717366767506731406e+01
-1.647055156632806927e+01
-1.084727540543519453e+01
-5.039015309485597172e+00
-2.881997792215399201e+00
-4.472919514755391290e+00
-7.039926063579904358e+00
-7.882557305053015995e+00
-6.477393448074879601e+00
-4.279329901195700003e+00
-2.995335029023203699e+00
-3.131177367273717316e+00
-3.904416972362657390e+00
-4.221241597974542792e+00
-3.642796778707094507e+00
-2.568124125376055833e+00
-1.701511956144232007e+00
-1.422570160229831515e+00
-1.583403862554771058e+00
-1.772025875750559809e+00
-1.703414028415870751e+00
-1.396420417377153278e+00
-1.062423126109621974e+00
-8.783499825851556198e-01
-8.559072303199856124e-01
-8.803616510184153476e-01
-8.376435604777683341e-01
-7.038308822541711196e-01
-5.383566779256010459e-01
-4.145682721724623931e-01
-3.600247347052462632e-01
-3.493230749397699952e-01
-3.389594525701076222e-01
-3.047297243534134448e-01
-2.526092340105603462e-01
-2.033906767605523358e-01
-1.712317233387922466e-01
-1.544595835355539459e-01
-1.416709313591704988e-01
-1.234548840993801855e-01
-9.902543403378384623e-02
2.053425501325927627e+01
1.964227577602234120e+01
1.219190673272574266e+01
7.476715225519491526e+00
1.339682061642480093e+01
2.704781917066094366e+01
3.665648618100407674e+01
3.356193199290375162e+01
2.155867834106268077e+01
1.336580400878014352e+01
1.784465633687024422e+01
3.123545660752869324e+01
4.111473552746240046e+01
3.862221323616872581e+01
2.652221924479190918e+01
1.574042645125646800e+01
1.467267809380649801e+01
2.199544770811901273e+01
2.913858578829826129e+01
2.893651605646151737e+01
2.176771288283237737e+01
1.407041851380812680e+01
1.173466266542621206e+01
1.506974794578655619e+01
1.946546116787148506e+01
2.019275232331761671e+01
1.643307806020675343e+01
1.123880258329975668e+01
8.239248256804746262e+00
8.538775098746258507e+00
1.036215082731294146e+01
1.115104822917765581e+01
9.841035151632993916e+00
7.385757046845283114e+00
5.501318979327683323e+00
5.082998813663721194e+00
5.664169049787836308e+00
6.113274701289371116e+00
5.702641515740218381e+00
4.589409713511953370e+00
3.468910701785927309e+00
2.889322959345608233e+00
2.858227837880995104e+00
2.982042679746904845e+00
2.882322316230430115e+00
2.487051710636742907e+00
1.999282263783728419e+00
1.658510072686912418e+00
1.539409871351798520e+00
1.536743364132069578e+00
1.496193147311560168e+00
1.346587960303153420e+00
1.130523990091981013e+00
9.383025006381978672e-01
8.245912823728434038e-01
7.766628246667967028e-01
7.441889894057328592e-01
6.883537097801767368e-01
6.071406997342345679e-01
5.246912492328154043e-01
4.639045974274698114e-01
4.284218506245524583e-01
4.052029394406705953e-01
3.791291358044560633e-01
3.447162937556945139e-01
3.070370833625152285e-01
2.744196709371492515e-01
2.509934519578049250e-01
2.348031565161258494e-01
2.211089797498290155e-01
2.066368350356068695e-01
1.913434416260942905e-01
1.771778809979902003e-01
2.070288214286961193e+03
1.809831549719782743e+03
2.224616178698615386e+03
2.577656115463163587e+03
2.452841081631878296e+03
2.052125336126465299e+03
1.851297076998749617e+03
2.057732030556622249e+03
2.424847096346339185e+03
2.534443262115008110e+03
2.208713115412343541e+03
1.648974862806683632e+03
1.213257414898583420e+03
1.093367816228087577e+03
1.192330723136137976e+03
1.272319533356484499e+03
1.187574013787202603e+03
9.848017079841930581e+02
8.157531251884681751e+02
7.762708501837956874e+02
8.297086697830508228e+02
8.643254172975068741e+02
8.044267177406037490e+02
6.677322019813785801e+02
5.322868294481557996e+02
4.604089193895177345e+02
4.520279711726963683e+02
4.612849670317567075e+02
4.455651417206671567e+02
3.986622526978247834e+02
3.462262335057240534e+02
3.148726892102159809e+02
3.083226747171939905e+02
3.097444577189368715e+02
3.004784979774830731e+02
2.757799883171606439e+02
2.451015854511970815e+02
2.218818846261955571e+02
2.112286660122254318e+02
2.084220308604920717e+02
2.055767636649355836e+02
1.984442041949393456e+02
1.885136628419256795e+02
1.801926185312071027e+02
1.761370131359351205e+02
1.753105068742739263e+02
1.743998753059415776e+02
1.718833066248639057e+02
1.679877031698527503e+02
1.643825854317076676e+02
1.625447843597225699e+02
1.624212433892969614e+02
1.634512379228168868e+02
1.643200292230863795e+02
1.647019057667888546e+02
1.652711479532885619e+02
1.665008245969222855e+02
1.682992880018393294e+02
1.702090768552268969e+02
1.721338678736678673e+02
1.741752652305334834e+02
1.761602018954419577e+02
1.785388317469630692e+02
1.810357369054403023e+02
1.838605589031720058e+02
1.868694709080895109e+02
1.900312019912789196e+02
1.932321521566323383e+02
1.964339940657168597e+02
1.998393055746400080e+02
2.034470406365411748e+02
2.070418569986865123e+02
2.105744612950852002e+02
4.803457651603228840e+01
-3.870043926594674133e+01
-6.981225774126158967e+01
-2.985841333008106346e+01
2.073285307756389173e+01
1.328557750976349006e+01
-5.542095018259824002e+01
-1.206757011970879461e+02
-1.174100521743232264e+02
-4.532281646149216670e+01
3.303129961484597032e+01
5.386803354464100124e+01
9.525904444135875337e+00
-5.166869380324568084e+01
-7.574187382883080488e+01
-5.093932568695740315e+01
-1.049326747767182866e+01
4.986218593596214887e+00
-1.494464715373745989e+01
-4.647664773453667664e+01
-5.858994390253638329e+01
-4.171789351840627802e+01
-1.253781352638512558e+01
4.815985631317836635e+00
3.815113016231010956e-01
-1.624438300325305917e+01
-2.800911545051069496e+01
-2.607105262078772867e+01
-1.510436712965013939e+01
-6.142914681322820591e+00
-5.822924996003891351e+00
-1.184688949815686598e+01
-1.699083164886170039e+01
-1.628966577334893273e+01
-1.066828927517416936e+01
-4.861774379449530059e+00
-2.706448739395008296e+00
-4.299015855227160898e+00
-6.867627810590806625e+00
-7.711866978701334752e+00
-6.308234638714306008e+00
-4.111639788769653414e+00
-2.829060454310027506e+00
-2.966291247184323687e+00
-3.740874460497619847e+00
-4.059024506936927068e+00
-3.481873657329543459e+00
-2.408445230953909721e+00
-1.543042596831909252e+00
-1.265282747973253574e+00
-1.427264280424849430e+00
-1.617017718694627737e+00
-1.549509230824245742e+00
-1.243588233611753635e+00
-9.106413221951564774e-01
-7.275917977644821288e-01
-7.061469747376263317e-01
-7.315835514163334663e-01
-6.898245762141815840e-01
-5.569493631403827916e-01
-3.923950968026626573e-01
-2.695035642901965067e-01
-2.158396283222357714e-01
-2.060009530205487160e-01
-1.964829455957624038e-01
-1.630821125246890158e-01
-1.117750267010058779e-01
-6.335297927777359950e-02
-3.197612758499465690e-02
-1.597093042329116030e-02
-3.936498452232940412e-03
1.353983634268099943e-02
3.724235192962251778e-02
2.068758160046701988e+01
1.978813065446809105e+01
1.233140622719076873e+01
7.610494499305323401e+00
1.352592278132015657e+01
2.717227264692672506e+01
3.677770619247177564e+01
3.367972857193483804e+01
2.167333519127136654e+01
1.347795963959292642e+01
1.795433463493954207e+01
3.134294450341187499e+01
4.122016353298494096e+01
3.872586700140719529e+01
2.662439918336610489e+01
1.584094737527214569e+01
1.477177967804091807e+01
2.209326852737777358e+01
2.923527968498446938e+01
2.903221034831724623e+01
2.186245988210703928e+01
1.416423020006692113e+01
1.182770015520420692e+01
1.516200086582449735e+01
1.955708093765172251e+01
2.028383550776995747e+01
1.652366926390405055e+01
1.132891057562206960e+01
8.328942265919090815e+00
8.628073128230861144e+00
1.045115529175293290e+01
1.123983089154021542e+01
9.929605614752178511e+00
7.474169736114307128e+00
5.589618600715040131e+00
5.171195222482926290e+00
5.752338785513881447e+00
6.201453347125673865e+00
5.790855430644542778e+00
4.677721786715768992e+00
3.557328683640497591e+00
2.977880940739004334e+00
2.946960483029110289e+00
3.070998936250496136e+00
2.971520535106910277e+00
2.576531145588532468e+00
2.089072720048374077e+00
1.748634112151651099e+00
1.629897721053938486e+00
1.627630335961418151e+00
1.587501224760668350e+00
1.438351366164092537e+00
1.222766782503355021e+00
1.031048019722345721e+00
9.178693445496916015e-01
8.704994397459654421e-01
8.386060574183890060e-01
7.833812965535519313e-01
7.028016610941317799e-01
6.210078927389194314e-01
5.609048685094534248e-01
5.261259919090328641e-01
5.036357995646132402e-01
4.783156836275157531e-01
4.446781107261066901e-01
4.077965266774012942e-01
3.760008136129679990e-01
3.534167604827126996e-01
3.380927128977362361e-01
3.252857908289466526e-01
3.117224303517367456e-01
2.973596587566424421e-01
2.841467544866559392e-01
