1.384264625635738809e-07
1.361496558239070460e-07
1.311328535646251579e-07
1.248367413268495085e-07
1.180441825810594864e-07
1.111835982676847741e-07
1.045107370490921775e-07
9.815449100152049131e-08
9.216453133869060842e-08
8.661784896480729971e-08
8.145721638613783822e-08
7.667293475094833539e-08
7.230992538260001397e-08
6.825618338701546942e-08
6.455416498986923436e-08
6.112365935239182421e-08
5.799069849477327512e-08
5.507157028390324932e-08
5.240740434507632293e-08
4.990165138648819377e-08
4.761927685590716560e-08
4.547972426416618918e-08
4.347587723433655068e-08
4.163917161355438163e-08
3.989333321614929752e-08
3.825630525454242340e-08
3.674507058378191490e-08
3.530187832007064419e-08
3.393163219103976876e-08
3.266025641334254733e-08
3.145888752232604764e-08
3.029751398394793981e-08
2.919979327900452026e-08
2.817430748393800715e-08
2.719618180013320505e-08
2.624927789494925494e-08
2.534903221897286094e-08
2.449993779189250276e-08
2.368715766900381985e-08
2.290168199397452533e-08
2.215283648244544970e-08
2.144275697024452083e-08
2.076166450662138045e-08
2.010389443154013733e-08
1.947532162733740005e-08
1.887707792074226614e-08
1.830271986430796081e-08
1.774863179267298045e-08
1.721854285882450262e-08
1.671290685232096929e-08
1.622715379442699607e-08
1.575875294446359631e-08
1.531011423937586126e-08
1.488136805857072776e-08
1.446923779397881510e-08
1.407191380311637404e-08
1.369095650898197146e-08
1.332630083531454027e-08
1.297551228853327649e-08
1.263722562185272713e-08
1.231242724499393540e-08
1.200092239857209549e-08
1.170083399227618950e-08
1.141110452138980601e-08
1.113239337456611326e-08
1.086450836483157631e-08
1.060605524095406140e-08
1.035623333563821988e-08
1.011545401935789647e-08
9.883489343893050812e-09
9.659230330283680734e-09
9.442039528088355798e-09
9.232202353448688390e-09
9.029534827314065712e-09
8.833207684398326884e-09
8.642743382411838263e-09
8.458337577172586597e-09
8.279829359181568869e-09
8.106575629456452291e-09
7.938207837205460386e-09
7.774868871421748303e-09
7.616430648896937419e-09
7.462401411000929561e-09
7.312501264999962237e-09
7.166837182384423686e-09
7.025306542451739661e-09
6.887528622121276713e-09
6.753291031894090357e-09
6.622681981798462557e-09
6.495627112936725250e-09
6.371837242214682930e-09
6.251150607202152460e-09
6.133631410376181393e-09
6.019213201272983117e-09
5.907659807948298048e-09
5.798837877380295293e-09
5.692793554560334025e-09
5.589468175891195676e-09
5.488668285730187008e-09
5.390289130347522208e-09
5.294376448275101132e-09
5.200893815093311302e-09
5.109697464384605772e-09
5.020701343210300381e-09
4.933921101711982003e-09
4.849300113799011082e-09
4.766692666301044250e-09
4.686018012968156002e-09
4.607301524288095353e-09
4.530514600210669792e-09
4.455557685252734483e-09
4.382367497799700051e-09
4.310944405191830714e-09
4.241238847012758578e-09
4.173140967554398647e-09
4.106585275089302135e-09
4.041577587449590654e-09
3.978085978966211737e-09
3.916030009622155077e-09
3.855359681988763498e-09
3.796075176991421710e-09
3.738143808850919873e-09
3.681492126120765341e-09
3.626071750896239244e-09
3.571875556499515108e-09
3.518868311946293930e-09
3.466980571366024893e-09
3.416168682201959459e-09
3.366429502725418848e-09
3.317737662849880484e-09
3.270039736544519259e-09
3.223301269427226950e-09
3.177518047677320063e-09
3.132666623176846220e-09
3.088699944113486505e-09
3.045587800787909538e-09
3.003326412358424422e-09
2.961895920198845844e-09
2.921256652849707592e-09
2.881383138287044360e-09
2.842272054953115922e-09
2.803906447945743058e-09
2.766252635125032784e-09
2.729289046221646893e-09
2.693012878584645579e-09
2.657409732485982624e-09
2.622451015407412766e-09
2.588118409214946561e-09
2.554409444353291152e-09
2.521311710088513102e-09
2.488800693622621260e-09
2.456860844793720256e-09
2.425490322857702888e-09
2.394678788323313618e-09
2.364405536221421686e-09
2.334657269197598740e-09
2.305432046540452954e-09
2.276720505242345358e-09
2.248504316814806689e-09
2.220771590646318217e-09
2.193520259691584479e-09
2.166741796028119471e-09
2.140419884782407805e-09
2.114543763421572033e-09
2.089111121549062851e-09
2.064113985962930968e-09
2.039537588294519827e-09
2.015372021423580050e-09
1.991614748421101403e-09
1.968258262497872128e-09
1.945289117733863665e-09
1.922698254247237695e-09
1.900483203079187092e-09
1.878637159904295412e-09
1.857148116335404022e-09
1.836007730569299789e-09
1.815213198755554504e-09
1.794757849382560804e-09
1.774630424847213158e-09
1.754823062230757146e-09
1.735332966717055226e-09
1.716153958134968254e-09
1.697275823530452294e-09
1.678691340512033788e-09
1.660397737146784446e-09
1.642389249113979880e-09
1.624656559821052535e-09
1.607193050702949510e-09
1.589996091121459674e-09
1.573060415782548875e-09
1.556377631032552545e-09
1.539941762961460388e-09
1.523750394002093277e-09
1.507798784046794874e-09
1.492079433494708453e-09
1.476586972409656649e-09
1.461319153893504829e-09
1.446271670218280148e-09
1.431437813967473308e-09
1.416813321914930661e-09
1.402397365796033110e-09
1.388187450397412054e-09
1.374178956369923904e-09
1.360368204874448763e-09
1.346753052787135513e-09
1.333329594079053027e-09
1.320091979947994605e-09
1.307036114890701554e-09
1.294160397046758552e-09
1.281461809533599833e-09
1.268935611865912512e-09
1.256578206482913137e-09
1.244387699567957954e-09
1.232360844422843840e-09
1.220492897460879035e-09
1.208781134501670444e-09
1.197225559116390038e-09
1.185825215717805739e-09
1.174577820459594472e-09
1.163481317056386268e-09
1.152534160365275795e-09
1.141733613542524946e-09
1.131075673167549532e-09
1.120557276404454727e-09
1.110176727085002595e-09
1.099931346667954739e-09
1.089817334016006917e-09
1.079832039602638948e-09
1.069974408795227751e-09
1.060242578357876464e-09
1.050633727778912098e-09
1.041146247567475553e-09
1.031780162984952396e-09
1.022534850825073865e-09
1.013408777676815338e-09
1.004400051263182944e-09
9.955065021769829619e-10
9.867250387464390020e-10
9.780517073361482954e-10
9.694837736696750029e-10
9.610201278511909604e-10
9.526590985040773825e-10
9.443983202306362851e-10
9.362366320739061422e-10
9.281744472089881642e-10
9.202117641508971096e-10
9.123478946754344788e-10
9.045813293637367291e-10
8.969096848168125820e-10
8.893297769693635959e-10
8.818377853809202744e-10
8.744314429855209121e-10
8.671104644734181873e-10
8.598742668986594280e-10
8.527217573611426898e-10
8.456522845876707463e-10
8.386658151526088568e-10
8.317619198502925122e-10
8.249396251431307127e-10
8.181972909228732622e-10
8.115325670567865985e-10
8.049424708778285249e-10
7.984235845966110689e-10
7.919745548930590198e-10
7.855965833436100560e-10
7.792908431838716584e-10
7.730580946525896320e-10
7.668979011891419873e-10
7.608084576712807600e-10
7.547873537361525420e-10
7.488317697006626859e-10
7.429399291243245997e-10
7.371113759577582844e-10
7.313454590196349501e-10
7.256412150667837948e-10
7.199982741501209968e-10
7.144170290490441176e-10
7.088976839772956338e-10
7.034400858426177352e-10
6.980431736592034852e-10
6.927048582947144705e-10
6.874225568347136866e-10
6.821934276117710384e-10
6.770165797232690738e-10
6.718934994161648830e-10
6.668257683016788174e-10
6.618146680209996795e-10
6.568597641804614318e-10
6.519586196914693296e-10
6.471082212872731342e-10
6.423053305406290233e-10
6.375487976739531929e-10
6.328400053591082414e-10
6.281804798266598193e-10
6.235715004693044473e-10
6.190128791185662898e-10
6.145027157423352441e-10
6.100386314756140008e-10
6.056180462707811355e-10
6.012398612335244867e-10
5.969047772533959624e-10
5.926135530257693760e-10
5.883667468448579035e-10
5.841641567529796396e-10
5.800047069402284688e-10
5.758870077186845521e-10
5.718094890492475127e-10
5.677712849320899513e-10
5.637723972723576075e-10
5.598127735835402710e-10
5.558921971092834586e-10
5.520103381394130366e-10
5.481667589388685373e-10
5.443608488706791907e-10
5.405918396165669606e-10
5.368591387876475327e-10
5.331623886614481067e-10
5.295011115036748329e-10
5.258746901410919599e-10
5.222826919566034763e-10
5.187249260598589315e-10
5.152010995754761015e-10
5.117107859924112489e-10
5.082535805642261010e-10
5.048291257653281132e-10
5.014369417366122332e-10
4.980764246208786184e-10
4.947471122733521838e-10
4.914487305791938524e-10
4.881809108316661898e-10
4.849431767974253807e-10
4.817352312977236301e-10
4.785570066513079426e-10
4.754083614176875324e-10
4.722890365365388306e-10
4.691985948411423827e-10
4.661364066969306452e-10
4.631017046924461615e-10
4.600936422099274599e-10
4.571119562382833893e-10
4.541570877942455284e-10
4.512294914407141780e-10
4.483295047336894180e-10
4.454567870222338577e-10
4.426102130049645545e-10
4.397884455803871810e-10
4.369900936501655933e-10
